<?xml version="1.0" encoding="UTF-8" standalone="no"?>
<!-- Created with Inkscape (http://www.inkscape.org/) -->

<svg
   width="75.540375mm"
   height="31.499392mm"
   viewBox="0 0 75.540375 31.499392"
   version="1.1"
   id="svg1"
   xml:space="preserve"
   inkscape:export-filename="logo.svg"
   inkscape:export-xdpi="96"
   inkscape:export-ydpi="96"
   xmlns:inkscape="http://www.inkscape.org/namespaces/inkscape"
   xmlns:sodipodi="http://sodipodi.sourceforge.net/DTD/sodipodi-0.dtd"
   xmlns:xlink="http://www.w3.org/1999/xlink"
   xmlns="http://www.w3.org/2000/svg"
   xmlns:svg="http://www.w3.org/2000/svg"><sodipodi:namedview
     id="namedview1"
     pagecolor="#ffffff"
     bordercolor="#000000"
     borderopacity="0.25"
     inkscape:showpageshadow="2"
     inkscape:pageopacity="0.0"
     inkscape:pagecheckerboard="0"
     inkscape:deskcolor="#d1d1d1"
     inkscape:document-units="mm"
     inkscape:zoom="1.4142136"
     inkscape:cx="347.18943"
     inkscape:cy="276.8323"
     inkscape:window-width="1366"
     inkscape:window-height="745"
     inkscape:window-x="-8"
     inkscape:window-y="-8"
     inkscape:window-maximized="1"
     inkscape:current-layer="layer1"
     inkscape:export-bgcolor="#ffffff00"
     showguides="true"
     showgrid="false"><inkscape:grid
       id="grid60"
       units="mm"
       originx="-34.184905"
       originy="-23.752023"
       spacingx="0.99999998"
       spacingy="1"
       empcolor="#0099e5"
       empopacity="0.30196078"
       color="#0099e5"
       opacity="0.14901961"
       empspacing="5"
       dotted="false"
       gridanglex="30"
       gridanglez="30"
       visible="false" /></sodipodi:namedview><defs
     id="defs1"><linearGradient
       id="linearGradient51"
       inkscape:collect="always"><stop
         style="stop-color:#ee8000;stop-opacity:1;"
         offset="0.47297302"
         id="stop51" /><stop
         style="stop-color:#7ec0ff;stop-opacity:1;"
         offset="0.48873878"
         id="stop52" /></linearGradient><linearGradient
       inkscape:collect="always"
       xlink:href="#linearGradient51"
       id="linearGradient52"
       x1="64.507225"
       y1="109.63444"
       x2="138.79695"
       y2="109.63444"
       gradientUnits="userSpaceOnUse"
       gradientTransform="matrix(0.58661584,0,0,0.62002888,20.326737,-5.3749316)" /></defs><g
     inkscape:label="Layer 1"
     inkscape:groupmode="layer"
     id="layer1"
     transform="translate(-9.0447561,-6.2843893)"><g
       id="g52"
       transform="matrix(0.98085071,0,0,1.2231973,-35.64282,2.7697062)"
       inkscape:export-filename="logo.svg"
       inkscape:export-xdpi="96"
       inkscape:export-ydpi="96"><g
         id="g65"
         transform="translate(3.8148245,-28.142896)"><g
           id="g64"
           transform="matrix(1.0761463,0,0,1.0657075,9.2552417,-22.758819)"><path
             id="path61"
             style="display:inline;fill:#000000;fill-opacity:1;stroke:none;stroke-width:0.623143"
             d="m 88.433054,59.546392 -0.526106,-0.233128 c -0.71786,-0.317668 -1.947171,-0.274719 -2.393213,0.08345 -0.550726,0.442355 -1.083169,1.928494 -1.06971,2.98538 0.01037,0.799436 0.07498,0.973318 0.552447,1.485968 0.717309,0.770173 1.172222,0.866811 2.117347,0.449395 0.722399,-0.31902 0.775705,-0.321672 0.845738,-0.04316 0.08874,0.35309 1.125053,0.571884 1.529157,0.322832 0.228383,-0.140742 0.285359,-0.06674 0.373134,0.48508 0.114033,0.716995 0.716166,1.4467 1.428024,1.730527 0.243877,0.09725 0.986784,0.167312 1.650927,0.155528 1.26317,-0.02238 1.527862,-0.138858 2.397834,-1.056413 0.795189,-0.838679 0.395736,-2.359879 -0.857058,-3.263873 -0.442775,-0.319504 -0.743947,-0.38152 -1.76343,-0.363444 -0.988423,0.01757 -1.23005,-0.02926 -1.233068,-0.238562 -0.003,-0.192068 0.177349,-0.26357 0.686734,-0.272605 0.955678,-0.01702 1.85968,-0.708573 2.085405,-1.59512 0.09254,-0.363484 0.272255,-0.759498 0.399317,-0.880261 0.298173,-0.283374 0.288713,-0.59837 -0.0261,-0.878811 -0.200022,-0.178146 -0.312459,-0.179226 -0.555235,-0.0053 -0.246215,0.176591 -0.466006,0.165245 -1.149443,-0.0603 -1.060223,-0.349936 -1.651407,-0.119862 -2.218307,0.863674 -0.311685,0.54072 -0.363807,0.793289 -0.27334,1.322579 0.193727,1.133407 0.12542,2.012724 -0.186031,2.39223 -0.160735,0.195862 -0.346874,0.526785 -0.413638,0.73538 -0.0985,0.307716 -0.166963,0.341773 -0.362623,0.180049 -0.212273,-0.175457 -0.223453,-0.532117 -0.09378,-2.979679 0.08105,-1.529269 0.145004,-3.307836 0.142108,-3.952325 l -1.186002,-0.0078 c -0.14188,1.586438 0.312182,-0.810642 0.09892,2.638448 z m -18.94917,-2.758957 c 0.01081,0.748982 -0.267381,1.052556 -0.975679,1.065114 -0.407779,0.0071 -0.570838,0.29204 -0.560925,0.979079 0.0055,0.382104 0.06959,0.41857 0.714594,0.407134 l 0.708537,-0.01244 -0.07164,2.327471 -0.07194,2.327475 0.41384,0.444342 c 0.361437,0.388076 0.543836,0.442034 1.43888,0.426163 l 1.024735,-0.01812 -0.0074,-0.510545 c -0.0069,-0.475555 -0.05258,-0.513622 -0.664384,-0.552483 -0.59617,-0.03786 -0.670107,-0.09459 -0.797651,-0.609453 -0.07731,-0.312097 -0.130793,-1.28775 -0.118767,-2.168117 l 0.02186,-1.600584 0.805845,0.03249 0.805846,0.03248 0.05066,-0.707573 c 0.02783,-0.389289 0.0187,-0.742216 -0.02048,-0.784306 -0.03918,-0.04205 -0.41564,-0.07062 -0.83657,-0.06318 l -0.765416,0.01355 0.03581,-0.825325 c 8.28e-4,3.21e-4 0.0018,3.41e-4 0.0028,6.04e-4 -7.7e-5,-0.0025 -4.8e-5,-0.0053 -1.24e-4,-0.0085 -3.32e-4,-0.0068 4e-6,-0.01335 3.04e-4,-0.02002 1.53e-4,-0.0058 4.73e-4,-0.01244 0.001,-0.0183 3.69e-4,-0.0073 0.0012,-0.01483 0.0018,-0.02205 3.79e-4,-0.0066 3.67e-4,-0.01281 9.47e-4,-0.01929 4.78e-4,-0.0066 7.69e-4,-0.01318 9.47e-4,-0.01969 z m -11.34481,2.15537 c -0.136138,-2.11e-4 -0.26482,0.01629 -0.365664,0.054 -0.326012,0.121106 -0.42428,0.750996 -0.164644,1.054459 0.203911,0.238338 0.462624,7.01449 0.267952,7.017942 -0.292016,0.0053 -0.335119,0.538073 -0.06904,0.853716 0.209636,0.248697 0.417712,0.29307 1.00085,0.213183 0.404916,-0.0555 0.760814,-0.125134 0.790907,-0.154742 0.0301,-0.02959 -0.06195,-0.302859 -0.204524,-0.607425 -0.14542,-0.310623 -0.265287,-0.981703 -0.273173,-1.528214 l -0.01407,-0.974316 0.910979,-0.01611 c 1.035951,-0.01837 1.49769,-0.289081 2.141373,-1.256343 0.301971,-0.453772 0.435946,-0.89629 0.476794,-1.573722 0.04912,-0.814762 6.51e-4,-1.02111 -0.358171,-1.525689 -0.610998,-0.859214 -1.609022,-1.321665 -2.518916,-1.166935 -0.471877,0.08024 -0.731107,0.05959 -0.732817,-0.05892 -0.0025,-0.179794 -0.479423,-0.330213 -0.887842,-0.330816 z m 6.784955,-0.002 c -0.513175,0.01116 -0.988889,0.146342 -1.211604,0.401269 -0.80743,0.924221 -1.102434,2.724991 -0.685063,4.184058 0.227796,0.796339 0.514112,1.09912 1.338162,1.416763 0.715857,0.275939 1.468549,0.177798 2.292519,-0.299391 0.318881,-0.184668 0.675972,-0.297033 0.793519,-0.249399 0.117544,0.04763 0.304357,-0.03832 0.415072,-0.19115 0.248453,-0.342896 -0.04547,-1.031029 -0.609086,-1.426289 -0.326609,-0.229054 -0.391109,-0.222573 -0.67134,0.06787 -0.170553,0.176701 -0.274124,0.420368 -0.230161,0.541552 0.04397,0.121162 -0.126685,0.388842 -0.379268,0.595057 -0.894448,0.730249 -1.95964,-0.03215 -2.165652,-1.550265 l -0.09446,-0.695516 1.729213,0.09075 c 1.663917,0.08712 1.735663,0.07638 1.903643,-0.285367 0.252451,-0.543633 -0.30221,-1.807272 -0.990247,-2.255742 -0.371472,-0.24213 -0.922073,-0.355224 -1.435251,-0.344169 z m 32.879583,-0.582984 c -0.51318,0.01116 -0.988891,0.146341 -1.211605,0.401275 -0.807432,0.924221 -1.102431,2.72499 -0.685064,4.184058 0.227797,0.796339 0.514109,1.09912 1.338159,1.416762 0.71586,0.275939 1.46855,0.177799 2.29252,-0.29939 0.3189,-0.184668 0.675968,-0.297033 0.793518,-0.2494 0.11755,0.04763 0.30435,-0.03832 0.41507,-0.19115 0.24846,-0.342895 -0.0455,-1.031029 -0.60908,-1.426289 -0.326608,-0.229054 -0.391108,-0.222572 -0.671338,0.06787 -0.17055,0.1767 -0.27413,0.420369 -0.23016,0.541552 0.044,0.121162 -0.12698,0.388842 -0.37958,0.595064 -0.89442,0.730248 -1.959332,-0.03221 -2.165343,-1.550273 l -0.09446,-0.695515 1.729213,0.09075 c 1.66393,0.08712 1.735658,0.07638 1.903648,-0.285368 0.25245,-0.543632 -0.302208,-1.807271 -0.990258,-2.255741 -0.37148,-0.242131 -0.92207,-0.355224 -1.43525,-0.344174 z m -24.124976,0.460961 c -0.112356,6.56e-4 -0.257654,0.01116 -0.445591,0.02619 l -0.821237,0.06679 -0.03924,0.651764 c -0.03594,0.597485 -0.0059,0.651174 0.361672,0.64466 0.399748,-0.0071 0.400969,-0.0025 0.422942,1.520466 0.01237,0.860703 -0.05047,1.610564 -0.144063,1.717707 -0.09136,0.104559 -0.139749,0.413904 -0.107538,0.687562 0.05659,0.480709 0.08773,0.496916 0.919697,0.48216 0.819638,-0.01463 0.863207,-0.03766 0.903285,-0.485665 0.02766,-0.309184 -0.07018,-0.57389 -0.285195,-0.771471 -1.111138,-1.021003 0.71973,-3.750442 1.662242,-2.664254 0.393289,0.453207 0.430682,1.149902 0.125719,2.332111 -0.237575,0.920974 -0.278519,1.680813 -0.10086,1.871571 0.126159,0.135453 1.952546,-0.08285 2.101729,-0.251239 0.05404,-0.06101 0.143768,-0.287526 0.199211,-0.503359 0.08626,-0.335856 0.04268,-0.391395 -0.30134,-0.385294 l -0.401822,0.0071 -0.02375,-1.605542 c -0.02752,-1.866532 -0.30262,-2.544174 -1.221051,-3.00988 -0.552182,-0.279987 -1.095096,-0.215655 -2.146031,0.255076 -0.20768,0.09304 -0.273591,0.03299 -0.277713,-0.252792 -0.0037,-0.2573 -0.044,-0.336176 -0.381044,-0.333692 z m 5.402347,-0.06797 c -0.75138,0.06679 -1.150222,0.873335 -0.398737,1.174921 0.358954,0.144054 0.385782,0.236449 0.392428,1.355534 0.0088,1.495797 0.258868,2.31813 0.874056,2.873604 0.576292,0.52036 0.895457,0.531422 1.738271,0.06142 0.353716,-0.197253 0.656717,-0.358884 0.673561,-0.35918 0.01687,-3.03e-4 0.06976,0.155015 0.117544,0.345153 0.07491,0.297985 0.218653,0.343353 1.041059,0.328769 l 0.95409,-0.01702 -0.0088,-0.607504 c -0.0079,-0.541278 -0.05392,-0.606704 -0.42312,-0.600162 l -0.414361,0.0073 0.07305,-1.954489 c 0.04018,-1.074973 0.01894,-2.039873 -0.04717,-2.144293 -0.06607,-0.104422 -0.379893,-0.238063 -0.697098,-0.296895 -0.680745,-0.126267 -0.683976,-0.118893 -0.808742,1.865808 -0.06816,1.084429 -0.160937,1.455289 -0.469087,1.874706 -0.211267,0.287559 -0.504515,0.525051 -0.651865,0.527662 -0.533917,0.0095 -0.649076,-0.360565 -0.675199,-2.171469 -0.02769,-1.91967 -0.09117,-2.073344 -0.928594,-2.243617 -0.119406,-0.02428 -0.234005,-0.02991 -0.341346,-0.0204 z m 13.225051,0.262286 c 0.20764,-0.0269 0.423415,0.0534 0.66995,0.238372 0.48579,0.36452 0.447456,0.824925 -0.113962,1.365873 -0.516855,0.498 -0.950124,0.589763 -1.195387,0.253475 -0.360037,-0.493669 -0.353367,-1.026075 0.01852,-1.45166 0.213805,-0.244735 0.413254,-0.379114 0.620881,-0.40606 z m -27.10717,0.807861 c 0.321223,-0.0058 1.207837,0.77924 1.212076,1.073111 0.0017,0.122278 -0.04677,0.125626 -0.469356,0.03274 -0.129613,-0.02848 -0.637466,-0.09334 -1.128632,-0.144439 -0.640977,-0.0667 -0.871963,-0.157285 -0.818254,-0.320188 0.09506,-0.288307 0.742403,-0.633025 1.204166,-0.641215 z m 32.879588,-0.58298 c 0.32119,-0.0058 1.20784,0.779241 1.21208,1.073111 0.002,0.122278 -0.0468,0.125628 -0.46936,0.03274 -0.12962,-0.02848 -0.63747,-0.09334 -1.12865,-0.144457 -0.640948,-0.0667 -0.871953,-0.157266 -0.818244,-0.32018 0.09506,-0.288308 0.742404,-0.633026 1.204174,-0.641216 z m -37.981235,1.373669 c 0.63379,-0.01812 1.093372,0.488755 1.240499,1.368302 0.135626,0.810792 -0.06235,1.271638 -0.705225,1.641531 -0.614355,0.353485 -0.907159,0.36069 -1.344785,0.03229 -0.316021,-0.23713 -0.33854,-0.358925 -0.264688,-1.427661 0.09003,-1.302926 0.282301,-1.591744 1.074197,-1.614493 z m 26.576408,-0.303316 c 0.488541,-0.0086 0.945703,0.09409 1.171339,0.263394 0.321686,0.241383 0.360884,0.381902 0.300581,1.074359 -0.0958,1.100222 -0.746433,1.774504 -1.728665,1.791919 -0.607588,0.01079 -0.7285,-0.05033 -0.933642,-0.473436 -0.249038,-0.513589 -0.185048,-1.22611 0.194258,-2.161116 0.175484,-0.43258 0.275482,-0.482338 0.996129,-0.49512 z m 5.67363,3.024522 c 1.311309,-0.02323 2.094116,0.38469 2.379262,1.239601 0.144716,0.43389 0.108063,0.542339 -0.338269,0.998879 -0.424682,0.434409 -0.625171,0.511685 -1.32047,0.50933 -0.450877,-0.0013 -0.977605,-0.05078 -1.170335,-0.109449 -0.638198,-0.19432 -0.991701,-0.660348 -1.001218,-1.319993 -0.01638,-1.134871 0.160098,-1.295481 1.45103,-1.318368 z"
             sodipodi:nodetypes="ccccsccsssssssssssccsssssscccccssscccsscssssccccssccccccccccccssssssscsssssscccssssscscsscccsscccssssscscsccccssccscccssssssccsssssccssssssscssssscssccssssssssscssscccssssssssssssssssssssssssscsssssssss" /><path
             id="path3"
             style="display:inline;fill:url(#linearGradient52);fill-opacity:1;stroke:#241c1c;stroke-width:0.603091"
             d="m 89.161253,59.841384 -0.521467,-0.220308 c -0.71153,-0.300199 -1.930002,-0.259612 -2.372111,0.07886 -0.54587,0.41803 -1.073619,1.822445 -1.060278,2.821213 0.01028,0.755474 0.07432,0.919794 0.547576,1.404253 0.710984,0.727821 1.161886,0.819145 2.098677,0.424683 0.71603,-0.301477 0.768866,-0.303983 0.838281,-0.04079 0.08796,0.333673 1.115133,0.540435 1.515674,0.305079 0.22637,-0.133003 0.282843,-0.06307 0.369844,0.458405 0.113028,0.677567 0.709852,1.367145 1.415433,1.635364 0.241727,0.0919 0.978083,0.158112 1.63637,0.146976 1.252033,-0.02115 1.514391,-0.131222 2.376692,-0.99832 0.788178,-0.79256 0.392247,-2.230108 -0.849501,-3.084391 -0.438871,-0.301935 -0.737388,-0.36054 -1.747881,-0.343458 -0.979708,0.0166 -1.219205,-0.02765 -1.222196,-0.225444 -0.003,-0.181506 0.175785,-0.249076 0.680679,-0.257614 0.947251,-0.01608 1.843282,-0.669608 2.067017,-1.507403 0.09172,-0.343496 0.269855,-0.717733 0.395796,-0.831855 0.295544,-0.267791 0.286168,-0.565466 -0.02587,-0.830485 -0.198258,-0.16835 -0.309704,-0.16937 -0.550339,-0.005 -0.244044,0.16688 -0.461897,0.156158 -1.139308,-0.05698 -1.050875,-0.330693 -1.636846,-0.113271 -2.198748,0.81618 -0.308936,0.510985 -0.360599,0.749665 -0.270929,1.249849 0.192018,1.071081 0.124314,1.902044 -0.184391,2.26068 -0.159318,0.185092 -0.343816,0.497817 -0.409991,0.694941 -0.09763,0.290795 -0.165491,0.322979 -0.359426,0.170148 -0.210401,-0.165808 -0.221482,-0.502855 -0.09295,-2.815824 0.08034,-1.445174 0.143726,-3.125937 0.140855,-3.734985 l -1.175544,-0.0074 c -0.140629,1.499199 0.309429,-0.766065 0.09805,2.493358 z m -18.782089,-2.60724 c 0.01071,0.707795 -0.265024,0.994675 -0.967077,1.006543 -0.404183,0.0067 -0.565804,0.27598 -0.555979,0.925239 0.0055,0.361092 0.06898,0.395552 0.708294,0.384745 l 0.702289,-0.01176 -0.07101,2.199483 -0.07131,2.199485 0.410191,0.419908 c 0.35825,0.366735 0.539041,0.417726 1.426193,0.402728 l 1.0157,-0.01712 -0.0073,-0.48247 c -0.0068,-0.449404 -0.05212,-0.485377 -0.658526,-0.522101 -0.590914,-0.03578 -0.664199,-0.08939 -0.790618,-0.575939 -0.07663,-0.294935 -0.12964,-1.216936 -0.11772,-2.048891 l 0.02167,-1.512567 0.79874,0.0307 0.798741,0.03069 0.05021,-0.668663 c 0.02759,-0.367882 0.01854,-0.701401 -0.0203,-0.741176 -0.03884,-0.03974 -0.411976,-0.06674 -0.829194,-0.05971 l -0.758667,0.0128 0.03549,-0.77994 c 8.21e-4,3.04e-4 0.0018,3.23e-4 0.0028,5.71e-4 -7.6e-5,-0.0024 -4.7e-5,-0.005 -1.23e-4,-0.008 -3.29e-4,-0.0064 4e-6,-0.01262 3.02e-4,-0.01892 1.51e-4,-0.0055 4.68e-4,-0.01176 9.97e-4,-0.01729 3.65e-4,-0.0069 0.0012,-0.01401 0.0018,-0.02084 3.75e-4,-0.0062 3.63e-4,-0.0121 9.38e-4,-0.01823 4.74e-4,-0.0062 7.63e-4,-0.01245 9.39e-4,-0.01861 z m -11.24478,2.036845 c -0.134938,-1.99e-4 -0.262485,0.01539 -0.36244,0.05103 -0.323137,0.114446 -0.420539,0.709698 -0.163192,0.996473 0.202113,0.225232 0.458545,6.62876 0.265589,6.632022 -0.289441,0.005 -0.332164,0.508484 -0.06843,0.806769 0.207788,0.235021 0.414029,0.276954 0.992025,0.20146 0.401346,-0.05245 0.754106,-0.118252 0.783934,-0.146232 0.02983,-0.02796 -0.0614,-0.286205 -0.202721,-0.574023 -0.144138,-0.293541 -0.262948,-0.927718 -0.270764,-1.444176 l -0.01395,-0.920738 0.902946,-0.01522 c 1.026817,-0.01736 1.484485,-0.273185 2.122492,-1.187256 0.299309,-0.428819 0.432102,-0.847003 0.47259,-1.487183 0.04869,-0.769957 6.45e-4,-0.964958 -0.355013,-1.44179 -0.60561,-0.811965 -1.594834,-1.248986 -2.496706,-1.102765 -0.467716,0.07583 -0.72466,0.05631 -0.726355,-0.05568 -0.0025,-0.169907 -0.475196,-0.312054 -0.880014,-0.312624 z m 6.72513,-0.0019 c -0.50865,0.01055 -0.98017,0.138294 -1.200921,0.379203 -0.80031,0.873397 -1.092713,2.575142 -0.679022,3.953974 0.225787,0.752548 0.509579,1.038679 1.326363,1.338854 0.709545,0.260765 1.4556,0.168021 2.272305,-0.282927 0.316069,-0.174513 0.670012,-0.280699 0.786522,-0.235684 0.116508,0.04501 0.301674,-0.03621 0.411412,-0.180639 0.246263,-0.32404 -0.04507,-0.974332 -0.603715,-1.347857 -0.323729,-0.216458 -0.387661,-0.210333 -0.665421,0.06414 -0.169049,0.166984 -0.271707,0.397252 -0.228131,0.511772 0.04358,0.114499 -0.125568,0.367459 -0.375924,0.562334 -0.886562,0.690093 -1.942362,-0.03038 -2.146557,-1.465015 l -0.09363,-0.657269 1.713966,0.08576 c 1.649246,0.08233 1.720359,0.07218 1.886858,-0.269675 0.250225,-0.513738 -0.299545,-1.707889 -0.981516,-2.131697 -0.368196,-0.228815 -0.913943,-0.33569 -1.422596,-0.325243 z m 32.589674,-0.550926 c -0.508654,0.01055 -0.980171,0.138294 -1.200921,0.379209 -0.800313,0.873397 -1.092711,2.575141 -0.679024,3.953974 0.225788,0.752548 0.509576,1.038679 1.326361,1.338854 0.709548,0.260765 1.4556,0.168021 2.272306,-0.282927 0.31608,-0.174513 0.67001,-0.280699 0.78652,-0.235685 0.11651,0.04501 0.30167,-0.03621 0.41141,-0.180639 0.24627,-0.324039 -0.0451,-0.974332 -0.60371,-1.347856 -0.32373,-0.216458 -0.38766,-0.210333 -0.66542,0.06414 -0.169045,0.166984 -0.271708,0.397253 -0.228128,0.511772 0.04358,0.114499 -0.125864,0.36746 -0.376233,0.562341 -0.886541,0.690092 -1.942056,-0.03044 -2.146251,-1.465022 l -0.09363,-0.657269 1.713967,0.08576 c 1.649255,0.08233 1.720355,0.07218 1.886865,-0.269675 0.25022,-0.513738 -0.29955,-1.707889 -0.981523,-2.131697 -0.368201,-0.228816 -0.913941,-0.33569 -1.422596,-0.325248 z m -23.912259,0.435613 c -0.111365,6.2e-4 -0.255382,0.01055 -0.441662,0.02475 l -0.813996,0.06312 -0.03889,0.615924 c -0.03562,0.564629 -0.0058,0.615365 0.358483,0.609209 0.396224,-0.0067 0.397434,-0.0024 0.419213,1.436855 0.01226,0.813373 -0.05002,1.521998 -0.142793,1.623249 -0.09055,0.09881 -0.138516,0.391144 -0.106589,0.649753 0.05609,0.454275 0.08696,0.46959 0.911587,0.455646 0.812411,-0.01383 0.855596,-0.03559 0.895321,-0.458958 0.02742,-0.292182 -0.06956,-0.542332 -0.282681,-0.729048 -1.10134,-0.964857 0.713384,-3.544203 1.647586,-2.517745 0.389821,0.428285 0.426885,1.086668 0.12461,2.203867 -0.23548,0.870329 -0.276063,1.588384 -0.09997,1.768652 0.125046,0.128005 1.93533,-0.07829 2.083197,-0.237423 0.05356,-0.05765 0.142501,-0.271715 0.197455,-0.475679 0.0855,-0.317387 0.0423,-0.369872 -0.298683,-0.364106 l -0.398279,0.0067 -0.02354,-1.517253 c -0.02728,-1.76389 -0.299952,-2.404268 -1.210285,-2.844365 -0.547313,-0.26459 -1.08544,-0.203796 -2.127108,0.24105 -0.205849,0.08792 -0.271179,0.03118 -0.275265,-0.238891 -0.0037,-0.243151 -0.04361,-0.31769 -0.377684,-0.315342 z m 5.354713,-0.06423 c -0.744755,0.06312 -1.14008,0.82531 -0.395221,1.110312 0.355789,0.136132 0.382381,0.223446 0.388968,1.280992 0.0087,1.413542 0.256585,2.190655 0.866349,2.715583 0.571211,0.491745 0.887562,0.502199 1.722944,0.05804 0.350597,-0.186406 0.650927,-0.339149 0.667622,-0.339429 0.01672,-2.86e-4 0.06914,0.146491 0.116508,0.326173 0.07425,0.281599 0.216725,0.324472 1.03188,0.31069 l 0.945677,-0.01608 -0.0087,-0.574097 c -0.0078,-0.511513 -0.05344,-0.573341 -0.419389,-0.567159 l -0.410707,0.0069 0.07241,-1.84701 c 0.03983,-1.01586 0.01877,-1.9277 -0.04675,-2.026377 -0.06549,-0.09868 -0.376544,-0.224972 -0.690952,-0.280569 -0.674743,-0.119324 -0.677945,-0.112355 -0.801611,1.763206 -0.06756,1.024796 -0.159518,1.375262 -0.464951,1.771615 -0.209404,0.271746 -0.500067,0.496178 -0.646117,0.498646 -0.52921,0.009 -0.643353,-0.340738 -0.669246,-2.052059 -0.02745,-1.814106 -0.09037,-1.95933 -0.920406,-2.120239 -0.118353,-0.02295 -0.231942,-0.02827 -0.338336,-0.01928 z m 13.108442,0.247863 c 0.205809,-0.02542 0.419682,0.05046 0.664043,0.225264 0.481507,0.344475 0.443511,0.779562 -0.112957,1.290763 -0.512298,0.470614 -0.941747,0.557331 -1.184847,0.239536 -0.356862,-0.466522 -0.350251,-0.969651 0.01836,-1.371832 0.21192,-0.231277 0.40961,-0.358267 0.615406,-0.383731 z m -26.868158,0.763436 c 0.318391,-0.0055 1.197187,0.736389 1.201389,1.0141 0.0017,0.115554 -0.04636,0.118718 -0.465218,0.03094 -0.12847,-0.02691 -0.631845,-0.08821 -1.11868,-0.136496 -0.635326,-0.06303 -0.864275,-0.148636 -0.81104,-0.302581 0.09422,-0.272453 0.735857,-0.598215 1.193549,-0.605954 z M 98.7216,59.549924 c 0.318363,-0.0055 1.19719,0.73639 1.20139,1.0141 0.0017,0.115554 -0.0464,0.118719 -0.465215,0.03094 -0.128471,-0.02691 -0.631857,-0.08821 -1.118689,-0.136513 -0.635305,-0.06303 -0.864273,-0.148618 -0.811037,-0.302573 0.09422,-0.272454 0.735857,-0.598216 1.193551,-0.605955 z m -37.646338,1.29813 c 0.628201,-0.01712 1.083731,0.461878 1.229561,1.293058 0.13443,0.766206 -0.0618,1.20171 -0.699007,1.551262 -0.608938,0.334047 -0.89916,0.340856 -1.332928,0.03051 -0.313234,-0.22409 -0.335555,-0.339187 -0.262354,-1.349153 0.08924,-1.231277 0.279812,-1.504213 1.064726,-1.525711 z m 26.342076,-0.286637 c 0.484233,-0.0081 0.937364,0.08892 1.161011,0.24891 0.318849,0.228109 0.357702,0.360901 0.29793,1.01528 -0.09496,1.03972 -0.739851,1.676923 -1.713422,1.69338 -0.602231,0.0102 -0.722077,-0.04756 -0.92541,-0.447402 -0.246842,-0.485346 -0.183417,-1.158685 0.192545,-2.042275 0.173937,-0.408792 0.273053,-0.455814 0.987346,-0.467893 z m 5.623604,2.858202 c 1.299747,-0.02195 2.075651,0.363536 2.358283,1.171435 0.14344,0.41003 0.10711,0.512515 -0.335286,0.94395 -0.420938,0.410521 -0.619659,0.483547 -1.308827,0.481322 -0.446902,-0.0012 -0.968985,-0.04799 -1.160016,-0.103431 -0.632571,-0.183634 -0.982957,-0.624035 -0.99239,-1.247406 -0.01624,-1.072463 0.158686,-1.224241 1.438236,-1.24587 z"
             sodipodi:nodetypes="ccccsccsssssssssssccsssssscccccssscccsscssssccccssccccccccccccssssssscsssssscccssssscscsscccsscccssssscscsccccssccscccssssssccsssssccssssssscssssscssccssssssssscssscccssssssssssssssssssssssssscsssssssss" /><path
             style="display:inline;fill:#ffffff;stroke:none;stroke-width:0.102224"
             d="m 73.742062,57.711313 0.732012,0.02424"
             id="path16"
             sodipodi:nodetypes="cc" /></g><g
           id="g63"
           transform="translate(-23.079689,-0.30590105)"><g
             id="g54"
             transform="matrix(1.013774,0,0,1.0127602,25.757519,-21.113646)"
             style="fill:#000000"><path
               style="display:inline;fill:#000000;fill-opacity:1;stroke-width:0.0307863"
               d="m 52.748539,51.913357 c 0.139726,0.05829 0.623344,0.0859 1.425246,0.599474 1.227342,0.786049 2.071652,1.450048 2.759038,2.139093 0.450896,0.423323 1.034297,1.887726 0.799687,2.455966 -0.146848,0.355674 -0.441438,0.250319 0.0056,0.0054 0.41287,-0.22618 2.536958,-0.398845 2.954973,-0.438732 0.286539,-0.02734 0.54704,-0.236991 0.763822,-0.32669 1.464323,-0.605904 3.065093,-1.371576 3.602723,-1.459973 0.06731,-0.01107 0.120048,0.191471 0.207542,0.774128 0.270307,1.800014 -0.683989,2.854415 -0.354058,3.79696 0.570086,1.531865 1.222454,0.753178 1.936965,1.784761 0.10282,0.148444 0.186947,0.280148 0.186947,0.292676 0,0.02847 -0.148485,-0.0064 -0.364933,-0.08558 -0.155121,-0.05678 -0.221653,-0.125331 -0.121643,-0.125331 0.103519,0 0.03939,-0.188245 -0.09146,-0.268484 -0.123699,-0.07585 -0.171604,-0.08121 -0.541866,-0.0606 -0.223389,0.01244 -0.480272,0.03339 -0.570848,0.04657 -0.187633,0.0273 -0.203712,0.0077 -0.299309,-0.365062 -0.08271,-0.322506 -0.168685,-0.526649 -0.344586,-0.818201 -0.81654,-1.079596 -0.07428,-1.920418 0.07751,-3.148295 0.0271,-0.384902 0.06908,-0.818407 0.09326,-0.963344 0.03439,-0.206202 0.03551,-0.312499 -0.01299,-0.294633 -1.339034,0.493163 -2.476837,1.097562 -3.363718,1.827189 -0.724199,0.597868 -1.784792,-0.335935 -4.500501,1.060708 -0.03647,0.03854 -0.155925,0.129263 -0.265402,0.201596 -0.801048,0.52926 -1.943714,1.411923 -2.213912,2.287352 -0.02885,0.09428 -0.05848,0.190724 -0.06586,0.214323 -0.0074,0.0236 -0.06204,0.0349 -0.121468,0.02512 -0.14179,-0.02334 -0.357297,0.152229 -0.317936,0.259022 0.176101,0.171119 0.12171,0.05875 0.348327,0.10094 0.02078,0.0039 0.02644,0.182758 0.02644,0.378299 v 0.355529 h -0.126102 c -0.06936,0 -0.188787,0.01882 -0.265402,0.04182 -0.111443,0.03346 -0.139304,0.06311 -0.139304,0.148294 0,0.128075 0.06126,0.152719 0.379609,0.152719 0.297777,0 0.408062,0.426936 0.4278,0.515842 0.01774,0.0799 -0.01037,0.115914 -0.16072,0.206039 -0.27248,0.163316 -0.513972,0.366497 -0.513972,0.432435 0,0.237656 0.135607,0.229639 0.513859,-0.03038 0.320705,-0.220455 0.414249,-0.252601 0.416306,-0.143059 0.0012,0.06598 0.360852,0.428539 0.425057,0.428539 0.01832,0 0.08787,0.04501 0.15455,0.100031 0.06668,0.05502 0.160247,0.119297 0.207922,0.142846 1.179808,0.659037 2.463456,1.0051 3.850977,1.038073 0.643454,0.06855 1.356317,-0.08491 2.061672,-0.214362 8.33e-4,0 0.558483,-0.144854 0.929399,-0.303775 0.731939,-0.264817 1.351062,-0.712268 2.002501,-1.099555 0.203942,-0.177519 0.298085,-0.234943 0.353871,-0.215846 0.0418,0.01431 0.24849,0.07495 0.459306,0.134758 0.210811,0.05981 0.504811,0.161562 0.653333,0.226125 0.291207,0.126591 0.4452,0.113896 0.4452,-0.0367 0,-0.108878 -0.33708,-0.342975 -0.493854,-0.342975 -0.02086,0 -0.1223,-0.03186 -0.225428,-0.07079 -0.345003,-0.130245 -0.434471,-0.157765 -0.512898,-0.157765 -0.04286,0 -0.114107,-0.02278 -0.158331,-0.05063 -0.06859,-0.04319 -0.07347,-0.06977 -0.03322,-0.18094 0.02594,-0.07167 0.0757,-0.216017 0.110535,-0.320772 l 0.06334,-0.190462 0.50328,0.0022 c 0.276802,0.0012 0.576843,0.01617 0.666757,0.03322 0.203129,0.03852 0.389443,0.0015 0.389443,-0.07743 0,-0.03277 0.02365,-0.0528 0.05253,-0.04451 0.194931,0.05595 -0.02611,0.257106 -0.351873,0.320244 -0.436519,0.0846 -0.753256,0.156935 -0.802921,0.18337 -0.08317,0.04427 -0.05224,0.204396 0.05171,0.267686 0.05474,0.03333 0.204607,0.08708 0.333032,0.119461 0.160347,0.04042 0.256697,0.09074 0.307503,0.160597 0.04072,0.05595 0.128892,0.163319 0.195989,0.238594 l 0.121993,0.136864 -0.14878,0.124183 c -0.135453,0.113059 -0.167986,0.122607 -0.363147,0.106589 -0.1179,-0.0097 -0.383556,-0.07252 -0.590349,-0.139645 -0.403308,-0.130918 -0.678889,-0.136659 -0.817798,-0.01704 1.075402,1.645112 1.383484,4.067948 1.285124,5.235596 -0.01383,0.164206 0.16396,0.294509 0.252648,0.398282 0.389407,0.455641 0.219413,0.268781 0.584406,0.858344 2.035274,3.287524 0.924552,5.220983 -2.173684,5.653771 -2.97837,0.416044 -2.257903,-1.758333 -1.56268,-2.859992 0.09646,-0.152851 -0.02869,-0.189235 -0.688914,0.21761 -0.260901,0.160774 -0.585504,0.337849 -1.201587,0.500674 -0.319991,0.08457 -2.043536,0.498323 -3.92713,-0.190573 -1.903091,-0.827613 -2.050468,-1.517672 -4.437637,-1.034385 -4.628895,1.376603 -7.852015,2.64136 -9.696605,4.454006 -0.362468,0.356191 -0.588806,0.131275 -0.880303,-0.185024 l -5.2e-5,6.6e-5 c -0.491486,-0.533301 -0.705173,-1.165745 -1.110674,-1.549405 -0.08857,-0.0838 -0.357452,-0.339037 -0.597507,-0.567185 -0.372281,-0.353808 -0.482079,-0.433637 -0.746624,-0.542815 -0.170588,-0.0704 -0.332133,-0.128002 -0.358987,-0.128002 -0.02685,0 -0.09558,-0.04285 -0.152719,-0.09523 -0.05714,-0.05237 -0.131069,-0.09523 -0.164293,-0.09523 -0.03322,0 -0.138434,-0.03428 -0.23381,-0.07619 -0.372607,-0.111419 -0.600343,-0.113651 -0.204041,-0.456393 0.131993,-0.108482 0.248969,-0.24178 0.262208,-0.298791 0.01316,-0.05661 0.07241,-0.139664 0.116385,-0.194757 2.044612,-3.033246 5.332195,-4.942769 5.119549,-8.733382 -0.04126,-0.257564 -0.07491,-0.536865 -0.0748,-0.620668 3.21e-4,-0.249418 -0.658689,-2.468783 -1.012821,-2.626487 -0.118271,-0.05267 -0.136869,-0.051 -0.244627,0.022 -0.119784,0.08114 0.429409,2.177922 -1.379211,1.532406 -1.130548,-0.403505 -1.179591,-0.956902 -1.47746,-1.444224 -0.127317,-0.208294 -0.329331,-0.521828 -0.448926,-0.696741 -0.458323,-0.670339 -0.924503,-2.261593 -0.724661,-2.786967 0.304734,-0.801033 0.590145,-1.296226 1.116719,-1.937515 0.943617,-1.181852 2.397558,-1.681024 3.928021,-2.096501 0.349059,-0.123332 2.314237,-0.384501 2.375042,-0.38469 0.508543,-0.0016 0.526337,-0.259775 2.092577,-0.457902 0.297036,-0.03757 1.412483,-0.341259 2.050704,-0.628327 0.706072,-0.317586 1.999793,-0.186945 2.305405,-0.05945 z m -9.863253,24.959729 c 0,-0.0625 0.160921,-0.391757 1.388667,-1.389261 2.830729,-2.299878 9.275069,-3.781435 9.862542,-3.883046 -0.01116,-0.486582 -1.374951,-1.420608 -0.994889,-3.837629 0.02802,-0.178082 0.06274,-0.400923 0.07719,-0.495201 0.239409,-0.947386 0.66885,-1.931253 1.539186,-2.580024 0.14388,-0.103427 0.162295,-0.132298 0.115419,-0.180939 -0.282372,-0.146168 -0.58908,-0.215857 -0.939203,-0.227351 -0.227798,-0.0038 -0.410768,-0.02491 -0.440966,-0.05091 -0.02839,-0.02445 -0.06662,-0.126277 -0.08496,-0.226292 -0.07113,-0.387875 -0.184956,-0.559058 -0.603507,-0.907634 -0.05474,-0.04559 -0.09953,-0.102348 -0.09953,-0.126134 0,-0.02378 -0.03668,-0.04325 -0.08152,-0.04325 -0.05308,0 -0.117996,0.06312 -0.186089,0.180938 -0.125519,0.217164 -0.501373,0.716946 -0.63317,0.841935 -0.429889,0.407687 -1.5342,0.854379 -1.930191,0.894549 -0.109482,0.0111 -0.328437,0.03906 -0.486576,0.06211 -0.319622,0.0466 -1.553821,0.02817 -1.835702,-0.02742 -0.09732,-0.01919 -0.264345,-0.0763 -0.371178,-0.126904 -0.10683,-0.05061 -0.29353,-0.137472 -0.414882,-0.193034 -0.619503,-0.283641 -1.866173,-1.473904 -2.060556,-1.592129 -0.110423,-0.04457 -0.388261,-0.01741 -0.43099,0.04212 1.900046,3.167077 -2.639616,7.11928 -4.49511,10.050407 -0.04051,0.07332 -0.184015,0.226757 -0.318856,0.340958 -0.02795,0.132383 1.065688,0.535791 1.647898,0.930129 1.594551,1.336479 1.465956,2.614348 1.690594,2.614348 0.0545,0 0.08639,-0.02596 0.08639,-0.07033 z m 22.159507,-1.309623 c 0.649687,-0.218556 1.259421,-0.460645 1.636238,-0.765851 1.130961,-0.91603 0.572904,-3.560501 -0.298244,-4.684906 -0.06785,-0.08758 -0.172083,-0.244941 -0.231628,-0.349695 -0.155587,-0.273693 -0.146414,-0.19643 -0.188709,-0.295218 -0.01982,-0.04626 -0.16424,-0.152009 -0.184769,-0.06666 -0.455066,1.891904 -2.181711,2.875129 -2.57162,4.022984 -0.123958,0.36492 -0.198373,0.524694 -0.270923,0.935781 -0.179834,1.018987 0.03506,1.426548 0.531272,1.486354 0.384525,0.04635 0.978434,-0.08096 1.578383,-0.282789 z m -1.855317,-3.162504 c 1.11844,-1.08484 1.9827,-2.099478 2.299318,-3.095046 0.223615,-0.70313 0.09857,-1.786145 -0.123351,-2.754627 -0.283827,-1.238648 -0.795785,-2.277058 -1.686816,-1.955481 -0.281121,0.101458 -0.494862,0.306302 -0.563795,0.338456 -2.775147,1.29447 -5.64074,0.474881 -6.766082,-0.08813 -0.475469,-0.284371 -0.58881,-0.263947 -0.853299,0.05667 -0.272966,0.275045 -0.716334,1.055604 -0.799579,1.204739 -0.551508,0.98803 -1.708925,2.975122 0.117963,4.874443 0.760269,0.790412 1.904995,1.468856 2.619475,1.824393 1.229803,0.611972 1.877916,0.598915 2.851592,0.538778 1.041638,-0.06433 2.000937,-0.52477 2.904574,-0.944195 z M 49.818313,64.405933 c 0.436644,-0.08947 0.598035,-0.164384 0.893606,-0.414786 0.341273,-0.289112 0.486748,-0.49278 0.533318,-0.532433 0.151999,-0.129421 0.291557,-0.609479 0.177188,-0.609479 -0.02432,0 -0.124604,0.06921 -0.222831,0.153799 -0.278684,0.239991 -0.42761,0.303006 -0.716506,0.303168 -0.298143,1.71e-4 -0.607886,-0.05737 -0.845255,-0.157022 -0.197515,-0.065 -0.342598,-0.114988 -0.505378,-0.22376 -0.128334,-0.10296 -0.198771,-0.09588 -0.284179,0.02857 -0.08153,0.118797 -0.576123,0.528852 -0.895937,0.742802 -0.177866,0.118989 -0.248449,0.142846 -0.42263,0.142846 -0.142127,0 -0.24513,-0.0244 -0.321571,-0.07618 -0.194902,-0.132023 -0.433192,-0.07397 -0.361036,0.08796 0.748447,0.456144 2.027278,0.724179 2.971211,0.554517 z m -2.188944,-0.961871 c 0.06691,-0.0077 0.138139,-0.01606 0.158294,-0.01868 0.06157,-0.008 0.464339,-0.240305 0.597427,-0.34458 0.136119,-0.106653 0.372356,-0.390754 0.389805,-0.468789 0.02769,-0.123812 -0.06685,-0.220748 -0.30739,-0.315197 -1.84246,-0.723441 -2.025935,-1.412891 -1.367108,-1.818833 0.698098,-0.453447 1.937777,-0.658272 2.043982,-0.675182 2.334153,-0.363173 1.306841,1.657205 0.276456,2.556866 -0.09123,0.07742 -0.165875,0.166671 -0.165875,0.198337 0,0.07053 0.309721,0.291393 0.562217,0.400914 0.140216,0.06082 0.267996,0.08078 0.517139,0.08078 0.310711,-0.01047 0.605435,-0.08221 0.889051,-0.195542 0.413891,-0.162373 0.675171,-0.379401 0.866718,-0.719927 0.211446,-0.254572 -0.01752,-1.153687 -0.234633,-1.518184 -0.209388,-0.351531 -0.218647,-0.440847 -0.02981,-0.287558 0.642524,0.48878 0.749102,1.09746 0.851594,1.133889 0.03388,0.01204 0.785403,-1.702822 0.791147,-2.659981 -0.115989,-1.166196 -0.182517,-2.198822 -0.63554,-3.218808 -0.392163,-0.882959 -1.465307,-1.858034 -1.065555,-1.678811 1.281484,0.508203 1.949685,1.670325 2.3534,2.777116 0.224842,0.621688 0.281502,1.270882 0.619277,1.855658 0,0.0392 0.578043,0.725131 1.266262,0.43879 0.185993,-0.07739 0.40053,-0.319986 0.582946,-0.659207 1.572874,-2.687885 -0.688035,-3.930754 -2.942824,-5.525629 -0.323694,-0.278057 -0.72624,-0.421602 -1.144584,-0.572776 -0.5778,-0.259589 -1.113335,-0.189305 -1.699964,-0.06346 -0.111617,0 -0.80328,0.313071 -1.010589,0.457429 -0.105056,0.07315 -0.330839,0.239189 -0.501744,0.368972 l -0.310733,0.235968 c -0.440389,0.0097 -0.879779,0.02672 -1.316189,0.07535 -0.591216,0.0692 -1.132671,0.291072 -1.616752,0.566513 -0.202565,0.15788 -0.42414,0.275887 -0.680525,0.315002 -0.122334,-0.05226 -0.287418,-0.107587 -0.400992,-0.134392 -0.441087,-0.104105 -1.346191,-0.161018 -1.592417,-0.10013 -1.077375,0.266414 -1.218049,0.329551 -1.779362,0.798603 -2.519349,2.030222 -3.024437,5.377531 -0.02929,7.380004 0.324136,0.144344 0.681295,0.02689 0.961382,-0.316158 0.09399,-0.115124 0.09929,-0.151304 0.07802,-0.533294 -0.09217,-1.656028 -0.60199,-2.055205 -0.60199,-2.352503 -0.241753,-0.630508 -0.169701,-1.298391 0.04468,-1.923666 0.06472,-0.205906 0.08954,-0.261915 0.236283,-0.533294 0.132959,-0.245884 0.445607,-0.56143 0.492096,-0.496653 0.01703,0.02376 0.01565,0.07237 -0.0029,0.108031 -0.01873,0.03566 -0.05062,0.21054 -0.07083,0.388622 -0.02019,0.178083 -0.05728,0.495201 -0.08237,0.70471 -0.06001,0.500968 -0.06063,0.535671 -0.01882,1.047541 0.02519,0.308599 0.05979,0.474992 0.117029,0.563021 0.0447,0.06873 0.08126,0.147245 0.08126,0.174483 0,0.0989 0.206348,0.395465 0.541862,0.778753 0.553575,0.632389 0.338956,0.45815 0.807797,1.041562 0.07328,0.09118 0.221653,0.320061 0.329723,0.508618 0.407737,0.711379 0.727017,0.895172 0.806923,0.895172 0.06278,0 0.07926,-0.03121 0.07926,-0.150122 0,-0.291253 -0.293672,-0.407976 -0.08819,-0.612005 0.190024,-0.08686 0.369183,0.252369 0.466612,0.319128 -0.04298,0.181952 -0.03947,0.213507 0.05577,0.50014 0.439332,1.322421 1.002363,1.318367 1.832792,1.223352 z m -2.642974,-4.806956 c -0.02432,-0.0052 -0.09399,-0.01909 -0.154817,-0.03086 -0.125257,-0.02423 -0.304826,-0.154312 -0.387045,-0.280381 -0.03039,-0.04663 -0.0553,-0.170952 -0.0553,-0.276275 0,-0.200823 0.05165,-0.313164 0.199054,-0.432964 0.112208,-0.0912 0.342521,-0.176514 0.476492,-0.176514 0.155046,0 0.498133,0.204117 0.57967,0.344869 0.196605,0.339383 -0.03876,0.750287 -0.478532,0.8354 -0.07441,0.0144 -0.155196,0.02192 -0.179527,0.01672 z m 5.595587,-1.156332 c 0,-0.01954 -0.0393,-0.04626 -0.08732,-0.05939 -0.265619,-0.0726 -0.391121,-0.593064 -0.188233,-0.780604 0.05424,-0.05013 0.09861,-0.103808 0.09861,-0.119274 0,-0.0585 0.286702,-0.147977 0.47416,-0.147977 0.709057,0 0.940457,0.804328 0.31319,1.088634 -0.13243,0.06002 -0.610413,0.0746 -0.610413,0.01861 z m 9.75799,5.894615 c -0.09488,-0.04126 -0.244168,-0.133524 -0.331755,-0.205027 -0.08758,-0.0715 -0.172182,-0.130153 -0.187995,-0.130334 -0.01582,-1.72e-4 -0.09543,0.0569 -0.176937,0.126839 -0.220616,0.189333 -0.328737,0.224894 -0.698058,0.229598 -0.285844,0.0036 -0.3586,-0.0092 -0.490061,-0.08648 -0.230579,-0.135547 -0.391279,-0.30124 -0.511285,-0.527176 -0.125998,-0.237213 -0.132855,-0.297986 -0.03722,-0.329595 0.104031,-0.03438 0.134616,-0.006 0.283954,0.263464 0.08339,0.150471 0.197147,0.285565 0.294067,0.349226 0.142194,0.0934 0.191497,0.103273 0.490989,0.09834 l 0.332925,-0.0055 0.192771,-0.175738 c 0.238048,-0.225918 0.343116,-0.537475 0.247374,-0.838715 -0.01786,-0.02107 -0.107162,-0.08624 -0.198421,-0.144816 -0.206281,-0.132411 -0.29853,-0.281544 -0.29853,-0.482603 0,-0.133091 0.02827,-0.179599 0.197888,-0.325677 0.186617,-0.160707 0.21181,-0.170413 0.442339,-0.170413 0.226212,0 0.25765,0.01137 0.421385,0.152369 0.167103,0.143905 0.176933,0.165067 0.176933,0.380925 0,0.125704 -0.0152,0.228554 -0.03377,0.228554 -0.01857,0 -0.05339,0.03753 -0.07741,0.08341 -0.02402,0.04588 -0.103382,0.111489 -0.176367,0.145808 -0.127829,0.06011 -0.133179,0.07333 -0.145736,0.360212 -0.0184,0.420763 0.06082,0.54406 0.471487,0.733621 0.472221,0.152126 0.884171,-0.257088 1.172326,-0.523811 0.09138,-0.08486 0.159372,-0.114528 0.243286,-0.106153 0.365695,0.0365 -0.110901,0.567465 -0.815079,0.908063 -0.200435,0.09695 -0.555597,0.09316 -0.789157,-0.0084 z m 6.121966,-1.288002 c -0.03647,-0.02031 -0.340048,-0.03719 -0.674567,-0.03751 l -0.608215,-5.73e-4 v -0.298625 c 0,-0.282817 0.006,-0.300958 0.112346,-0.342707 0.06179,-0.02424 0.255868,-0.05458 0.431281,-0.06741 l 0.318932,-0.02333 -0.170622,0.130777 c -0.111767,0.08567 -0.164988,0.156084 -0.154297,0.204146 0.01857,0.08336 0.236171,0.18789 0.512206,0.246035 0.19285,0.04062 0.490723,0.224347 0.365637,0.225516 -0.03647,3.44e-4 -0.09621,-0.01599 -0.132701,-0.0363 z m -4.623364,-0.936113 c -0.194691,-0.08584 -0.2845,-0.205372 -0.285612,-0.380153 -8.32e-4,-0.123056 0.02944,-0.183062 0.148743,-0.295216 0.135949,-0.127818 0.170946,-0.140768 0.380409,-0.140768 0.203371,0 0.248494,0.01534 0.381082,0.129514 0.120582,0.10384 0.150396,0.159525 0.150396,0.280905 0,0.31345 -0.449992,0.549016 -0.775018,0.405718 z m -4.566221,-0.109672 c -0.342825,-0.306555 -0.04675,-0.795756 0.440965,-0.728595 0.346502,0.04771 0.525021,0.357237 0.369167,0.640073 -0.08679,0.157498 -0.225599,0.220649 -0.480464,0.218581 -0.152048,-0.0012 -0.212093,-0.02492 -0.329668,-0.130059 z m 6.520805,-1.188968 c -0.01619,-0.01397 -0.02948,-0.06377 -0.02948,-0.110678 0,-0.403743 -1.094765,-1.159069 -1.595026,-1.159069 -0.07155,0 -0.130091,-0.01714 -0.130091,-0.03809 0.914922,-0.205937 1.277969,-1.274494 1.995545,-1.454018 l -0.01932,0.488931 c -0.264706,1.237219 -0.630297,1.362946 -0.213417,1.974534 0.05611,0.07644 0.127093,0.283474 0.104006,0.303355 -0.03214,0.02767 -0.07658,0.0257 -0.112191,-0.005 z"
               id="path58"
               sodipodi:nodetypes="ccssssssssssssssssscssscsssscsscssssscssssscccscsssssssssscssscsssscscsssssssssssscsscsssssssssscssscsscsscssscscssssssssssssssssscccsscccsssscssssssssssssssssasscssssssscsscsscssssssscsssssscssssscsssssssssssscssssscscssssssssssscsscscsssssscsccssscscccsssssscscssssssssscssssccssccsscscsssssccssssssssscsssccssccscs" /></g><g
             id="g62"><path
               style="display:inline;fill:#7ec0ff;fill-opacity:1;stroke-width:0.0307863"
               d="m 69.917828,56.467514 c 0.04403,-0.0419 0.09001,-0.07618 0.10218,-0.07618 0.01216,0 -0.01391,0.03428 -0.05795,0.07618 -0.04403,0.0419 -0.09002,0.07619 -0.102179,0.07619 -0.01216,0 0.01391,-0.03428 0.05795,-0.07619 z m -0.696937,0.01567 c -0.02821,-0.02431 -0.161458,-0.895703 -0.707143,-1.602011 -0.29082,-0.475358 -0.755402,-0.849119 -1.207665,-1.219913 -0.09839,-0.08024 -0.117345,-0.09875 -0.04213,-0.04113 0.364541,0.232339 0.776515,0.418142 1.24945,0.415237 0.174227,-0.01006 0.121704,-0.133604 -0.07982,-0.187768 -0.243045,-0.06532 -0.518987,-0.227655 -0.555532,-0.326811 -0.01648,-0.04472 -0.05319,-0.09851 -0.08158,-0.119543 1.590643,-1.193601 3.075402,-5.899421 5.069791,-6.866981 0.346957,0.545181 0.671308,1.12361 1.292492,1.474313 0.302143,0.133822 0.394309,0.03917 0.16276,-0.167155 -0.209176,-0.186387 -0.262428,-0.922157 -0.179352,-0.877939 0.09241,0.04918 0.808341,2.952161 3.140604,2.952161 -0.125013,-0.74125 -0.646998,-1.034567 -0.121643,-2.047467 0.127289,0.03654 0.118299,0.375901 0.114782,0.450092 -0.01222,0.25784 0.0227,0.337415 0.149128,0.339742 0.269733,0.0049 0.619004,-0.841537 0.675279,-1.161234 0.153414,-0.871568 0.180359,-1.25979 0.108399,-1.561789 -0.205228,-1.040286 -0.794965,-1.270717 -1.799562,-1.276678 -0.30026,-3.37e-4 -0.547768,-0.01794 -0.586099,-0.04169 -0.05476,-0.03392 -0.05184,-0.03703 0.01667,-0.0178 0.04566,0.01281 0.105374,0.0076 0.132702,-0.01148 0.02733,-0.01912 0.145819,-0.0458 0.263315,-0.05928 0.640901,-0.07352 1.597057,-0.508565 2.053908,-0.934529 0.198016,-0.184626 0.526673,-0.61439 0.643595,-0.841588 0.09136,-0.177533 0.163121,-0.241223 0.163121,-0.144783 0,0.03937 0.212863,0.267654 0.444441,0.476642 0.112871,0.101862 0.263299,0.448545 0.263299,0.60681 0,0.198765 0.105693,0.244519 0.564853,0.244519 0.763861,0 0.888698,0.06484 0.734079,0.315081 -0.217125,0.351399 -0.985317,1.068385 -1.308908,2.484783 -0.210336,0.920739 -0.186402,2.064203 0.02408,2.780745 0.07676,0.723514 1.269936,1.785456 0.339775,2.023 -2.358393,0.30162 -9.526816,3.102127 -10.686465,4.540751 -0.08973,0.111319 -0.175419,0.254067 -0.190418,0.317216 -0.015,0.06315 -0.04208,0.102065 -0.06019,0.08647 z m 10.538974,-12.54805 c 0,-0.02095 -0.0199,-0.03809 -0.04424,-0.03809 -0.02432,0 -0.04423,0.01714 -0.04423,0.03809 0,0.02095 0.0199,0.03809 0.04423,0.03809 0.02431,0 0.04424,-0.01714 0.04424,-0.03809 z m -5.942192,-0.265288 c -0.173448,-0.08133 -0.48477,-0.257111 -0.447921,-0.308456 0.01293,-0.01802 0.111247,0.0094 0.21848,0.06098 0.116676,0.0561 0.266205,0.09374 0.372368,0.09374 0.18185,0 0.402732,-0.06491 0.402732,-0.118355 0,-0.01647 0.105834,-0.09044 0.235186,-0.164376 0.221459,-0.126587 0.348521,-0.231836 0.676322,-0.560218 l 0.137416,-0.137659 0.236523,0.128427 c 0.130087,0.07063 0.271103,0.128426 0.31337,0.128426 0.04227,0 0.08773,0.01517 0.101035,0.0337 0.02973,0.04143 0.228518,0.0762 0.578192,0.101118 0.145972,0.0104 0.300719,0.02568 0.343883,0.03395 0.161888,0.03102 0.405816,-0.06634 0.636107,-0.253901 0.163767,-0.13338 0.236442,-0.172727 0.236442,-0.128013 0,0.200319 -0.590526,0.845736 -0.979469,1.111862 -0.479839,0.328319 -1.70453,0.614713 -3.060666,-0.02122 z m -3.503559,-1.451417 c -0.01604,-0.02235 -0.01967,-0.0488 -0.0081,-0.05878 0.01159,-0.01 0.03287,0.0083 0.04728,0.04063 0.02991,0.06712 0.0044,0.07893 -0.0392,0.01815 z m -2.254108,-0.549842 c -0.07299,-0.02803 -0.204966,-0.116622 -0.29329,-0.196878 -0.167492,-0.152191 -0.525036,-0.589892 -0.525036,-0.642741 0,-0.01676 -0.03262,-0.06151 -0.07249,-0.09945 -2.20515,-4.09618 1.284177,-6.25861 2.712737,-6.279409 0.199729,0.0095 0.405205,0.04019 0.579479,0.1238 0.03803,0.298265 -0.232138,0.574103 -0.382477,0.838033 -0.80032,1.370803 -0.185521,2.425065 0.948361,3.3807 0.248265,0.221027 0.416596,0.290081 0.416596,0.170899 0,-0.06453 -0.07467,-0.18956 -0.181693,-0.304222 -0.03911,-0.0419 -0.09871,-0.131895 -0.132441,-0.199985 -0.0885,-0.178656 -0.12821,-0.09947 -0.12821,-0.176831 0,-0.04189 0.03448,-0.03789 0.164171,0.01904 0.210269,0.09232 0.35012,0.09094 0.604517,-0.006 0.263781,-0.100483 0.403161,-0.232445 0.491687,-0.465519 0.06475,-0.170485 0.06491,-0.202908 0.0018,-0.364595 -0.08941,-0.229139 -0.263343,-0.394353 -0.50006,-0.474997 -0.54701,-0.186343 -0.673672,0.129893 -0.673672,0.0096 0,-0.05788 0.03466,0.02963 0.142275,-0.184267 0.08894,-0.176782 0.841325,-0.84196 1.020945,-0.84196 0.13316,0 0.387964,0.233794 0.513435,0.471099 0.08717,0.164864 0.0957,0.230281 0.07699,0.590432 -0.140681,0.604911 -0.532134,2.362954 -0.58417,3.357187 -0.01512,0.288844 -0.04994,0.523374 -0.08851,0.596189 -0.03497,0.06602 -0.06403,0.143156 -0.06457,0.171416 -0.0012,0.06185 -0.173554,-0.119393 -0.174969,-0.183975 -0.0011,-0.05225 -0.122537,-0.164614 -0.177838,-0.164614 -0.04689,0 -0.177016,0.219333 -0.177016,0.298364 0,0.03196 0.02158,0.119317 0.04796,0.194133 0.02638,0.07482 0.06443,0.183093 0.08455,0.240617 0.02013,0.05752 0.02013,0.113349 1.7e-5,0.124055 -0.269479,-0.0726 -0.364185,-0.308263 -0.508171,-0.496906 -0.448754,-0.692476 -0.879689,-1.380651 -1.461544,-1.998236 -0.237894,-0.252502 -0.398239,-0.525293 -0.501883,-0.811738 -0.28402,-0.74417 -0.136498,-1.511919 -0.02624,-2.264365 0.01717,-0.183241 0.05805,-0.401488 0.09084,-0.484993 0.073,-0.185885 0.02659,-0.235285 -0.147997,-0.157538 -0.464102,0.206676 -0.729933,1.042083 -0.806596,1.318813 -0.02031,0.07333 -0.05989,0.20189 -0.08795,0.285694 -0.03135,0.09364 -0.04346,0.321215 -0.03142,0.590431 0.02057,0.459914 0.05979,0.668772 0.178824,0.95231 0.122171,0.431933 0.319778,0.837843 0.430813,1.276095 0.09185,0.392427 0.133845,0.657402 0.156977,0.990403 0.0488,0.23579 0.02926,0.336714 -0.12864,0.514247 -0.151837,0.170722 -0.46086,0.345637 -0.600191,0.339724 -0.04028,-0.0017 -0.132945,-0.02604 -0.205931,-0.05407 z m 10.655375,-1.390338 c -1.046365,-0.919056 -1.947105,-1.93471 -2.44532,-3.178227 -0.418339,-1.48846 -0.492912,-1.809319 1.300228,-1.589234 0.647428,0.08723 0.916819,0.215457 1.237988,0.589259 0.04835,0.05627 0.103089,0.102314 0.121643,0.102314 0.04643,0 0.04255,-0.21466 -0.0053,-0.295733 C 78.90313,35.870248 78.8592,35.789059 78.827,35.726206 78.319898,35.050171 76.355115,33.64792 77.74038,33.0026 c 0.555127,-0.06201 1.143285,0.08635 1.641115,0.306774 1.701078,1.09084 4.169209,2.708277 3.492918,4.661527 -0.227194,0.386721 -0.327416,0.495206 -0.536358,0.58059 -0.296975,0.121349 -1.177771,-0.149106 -1.295368,-0.876796 -0.26845,-0.899653 -1.232661,-4.601058 -3.05212,-4.184886 0,0.01787 0.109478,0.150802 0.243286,0.295404 0.322679,0.376539 0.613119,0.764455 0.858015,1.179146 0.414218,0.817151 0.558769,1.685635 0.717391,2.55219 0.10399,0.418402 0.06175,1.664829 -0.07036,2.076036 -0.08127,0.25297 -0.34509,0.554701 -0.377082,0.647571 -0.487274,1.414434 0.117254,0.930154 -0.646398,0.03809 z m -0.971736,-3.129451 c 0.115853,-0.06608 0.222316,-0.147506 0.236585,-0.180939 0.01427,-0.03343 0.0428,-0.07062 0.06339,-0.08264 0.07429,-0.04335 0.122326,-0.448852 0.06626,-0.559328 -0.109335,-0.188909 -0.286171,-0.370027 -0.506421,-0.450118 -0.444963,-0.110133 -0.82511,0.02146 -1.021974,0.353768 -0.13006,0.219543 -0.128085,0.506907 0.0046,0.66852 0.146293,0.178196 0.175735,0.201302 0.367329,0.288283 0.266367,0.120927 0.534762,0.108174 0.790232,-0.03755 z m -8.400857,3.358006 c 0.01503,-0.02095 0.03612,-0.03809 0.04685,-0.03809 0.01073,0 0.0195,0.01714 0.0195,0.03809 0,0.02095 -0.02108,0.03809 -0.04684,0.03809 -0.02576,0 -0.03454,-0.01714 -0.01951,-0.03809 z"
               id="path6"
               sodipodi:nodetypes="ssssssssssssssssscssssssssssssssssscsssssssssssssssssscssssssssssssssssssssssssssssscssssssssccsssssssssssssssssscsssssssssaasssssssssssssssssssssscsscc" /><path
               style="display:inline;fill:#ee8000;fill-opacity:1;stroke-width:0.0307863"
               d="m 89.848185,55.517446 c -1.428681,-0.412434 -0.472281,-2.345228 0.497169,-3.545055 0.618981,-0.766074 1.53153,-1.624811 1.686377,-2.937195 0.01436,-0.121661 0.129587,-0.03379 0.194595,-0.03379 0.04454,0 0.109207,0.04714 0.143688,0.104753 0.03447,0.05761 0.07268,0.113326 0.08488,0.123801 0.04105,0.03526 0.179094,0.246479 0.255131,0.390447 0.04151,0.07856 0.09065,0.142846 0.109244,0.142846 0.660965,0.832544 2.175695,4.322232 0.04791,5.07685 -0.756512,0.268306 -1.614956,0.484425 -2.443566,0.672473 -0.119888,0.02721 -0.08581,0.146214 -0.364699,0.0657 z m 3.159723,-0.724831 c 0.02431,0 0.01436,0.01662 -0.02211,0.03693 -0.211215,0.117605 -0.08561,-0.03693 0.02211,-0.03693 z m -7.586111,-1.182029 c -0.08756,-0.02415 -0.09217,-0.0305 -0.02211,-0.0305 0.04866,0 0.13823,0.01373 0.199054,0.0305 0.08756,0.02415 0.09217,0.0305 0.02211,0.0305 -0.04866,0 -0.13823,-0.01373 -0.199054,-0.0305 z m -3.09517,-1.944541 c -1.341132,-0.938419 -2.084203,-1.911847 -2.154161,-3.416817 -0.09511,-1.000026 0.65019,-1.931924 1.137536,-2.799937 0.22385,-0.241974 0.644552,-1.366799 1.236604,-1.095148 0.03506,0.0419 0.09479,0.07619 0.132701,0.07619 0.03793,0 0.09763,0.03428 0.132701,0.07619 0.675471,0.280374 1.255078,0.249264 2.167461,0.647569 0.0219,0.0096 0.117954,0.03809 0.265402,0.03809 0.147444,0 0.265402,0.01693 0.265402,0.03809 0,0.02095 0.06469,0.04008 0.143759,0.04251 0.09561,0.0029 0.114207,0.01086 0.05551,0.02363 -0.159797,0.0348 -0.819703,0.359466 -0.825176,1.133763 -0.0029,0.441146 0.286419,0.872261 0.726772,1.082123 1.436399,0.360692 2.15588,-0.854161 2.091232,-1.172328 -0.01541,-0.07609 -0.0398,-0.206811 -0.05414,-0.290488 -0.08117,-0.257352 -0.556553,-0.643596 -0.993796,-0.740088 -0.175393,-0.02969 -0.179931,-0.03307 -0.04938,-0.03686 0.07907,-0.0023 0.143759,-0.02131 0.143759,-0.04227 0,-0.02116 0.117954,-0.03809 0.265402,-0.03809 0.147448,0 0.265402,-0.01693 0.265402,-0.03809 l 3.00951,-1.028495 c 0.08221,0 0.263799,-0.184233 0.263799,-0.267636 0,-0.04435 0.02985,-0.10635 0.06635,-0.137776 0.05898,-0.05079 0.07372,-0.05079 0.132701,0 1.07516,0.915506 2.666391,7.12194 -1.100329,8.568047 -1.52617,0.585922 -2.813836,0.868268 -3.88886,0.778764 -2.026703,-0.168739 -3.23673,-1.268441 -3.436161,-1.400943 z m 0.592034,-1.049988 c -1.317366,-1.551565 -1.890818,-4.127511 -0.07591,-5.604152 0.02357,-0.01253 0.294131,-0.391124 -0.188852,-0.391124 -0.174031,0 -0.205773,0.01684 -0.412741,0.219032 -0.123313,0.120467 -0.224488,0.238359 -0.224834,0.261982 -3.45e-4,0.02362 -0.02906,0.06327 -0.06378,0.08809 -0.05469,0.03908 -0.582001,0.93137 -0.693573,1.173621 -0.02169,0.04714 -0.05672,0.124276 -0.07779,0.171415 -0.780601,1.454583 -0.344757,3.797973 0.990672,4.468163 0.138087,0.0693 1.093636,0.28924 0.746805,-0.387027 z m 2.481036,-5.842907 c -1.020494,-0.01813 -1.861654,-0.209406 -2.695835,-0.583458 -0.70105,-0.302002 -1.351564,-1.047687 -1.351564,-1.151079 0,-0.114187 0.694294,-0.322453 1.074956,-0.322453 0.351048,0 0.473232,-0.04347 0.473232,-0.168375 0,-0.138379 -0.185056,-0.222574 -0.434816,-0.197829 -0.417692,0.04138 -0.606753,0.06802 -0.693149,0.09765 -0.222073,0.07617 -0.533831,0.213978 -0.563303,0.248992 -0.04547,0.05405 -0.252358,-0.493266 -0.255027,-0.494688 -0.165022,-0.08783 0.05383,-0.114336 1.282782,-0.155365 0.401421,-0.0134 0.754738,-0.04174 0.785152,-0.06296 0.09947,-0.06944 0.06519,-0.217481 -0.06191,-0.267351 l -0.117201,-0.04599 0.105743,-0.0215 c 0.168044,-0.03416 0.206885,-0.191216 0.08299,-0.335532 -0.100164,-0.116671 -0.752241,-0.425492 -0.898427,-0.425492 -0.03743,0 -0.07906,-0.01533 -0.09251,-0.03407 -0.02465,-0.03436 -0.152573,-0.05507 -0.700527,-0.113433 -0.164742,-0.01755 -0.312199,-0.04281 -0.327682,-0.05615 -0.01549,-0.01333 -0.05794,-0.003 -0.09435,0.02304 -0.05411,0.03865 -0.05283,0.02503 0.007,-0.07462 0.04026,-0.06705 0.07319,-0.182755 0.07319,-0.257124 0,-0.07437 0.0199,-0.135214 0.04424,-0.135214 0.02431,0 0.04423,-0.03452 0.04423,-0.0767 0,-0.04219 0.01861,-0.106467 0.04134,-0.142847 0.02273,-0.03638 0.0674,-0.121855 0.09926,-0.189945 0.03185,-0.06809 0.07298,-0.1238 0.09136,-0.1238 0.0184,0 0.03343,-0.02625 0.03343,-0.05833 0,-0.03209 0.0341,-0.06961 0.07581,-0.08338 0.04169,-0.01378 0.345244,-0.257726 0.674563,-0.542107 0.329319,-0.284381 0.66843,-0.55903 0.753581,-0.61033 0.08515,-0.0513 0.205119,-0.136789 0.266597,-0.189976 0.743159,-0.527469 1.404733,0.193478 1.817041,0.691624 0.153064,0.192733 0.172291,0.242428 0.172291,0.445338 0,0.556928 -0.496807,0.772846 -0.214586,0.67729 0.277217,-0.09386 0.967951,-0.613548 1.04977,-0.47338 0.25625,0.438995 0.721374,0.76559 0.834042,0.819596 0.1658,0.04414 0.463106,0.198518 0.542465,0.01845 0,-0.0382 -0.08992,-0.145444 -0.199819,-0.238328 -0.123425,-0.104316 -0.275619,-0.300413 -0.398103,-0.512947 -0.165497,-0.287172 -0.19773,-0.378667 -0.194924,-0.553286 -0.0058,-0.16653 0.05305,-0.321121 0.11907,-0.475862 0.115428,0.407149 1.259281,1.418914 1.540047,1.161876 0.135925,-0.124438 -0.806224,-0.676192 -0.431181,-1.390431 0.130315,-0.248172 1.208831,-1.879382 1.955538,-2.286921 0.941154,-0.513664 1.341479,-0.316538 1.407342,-0.690545 0.03035,0.0065 0.07759,0.814757 0.0679,1.006185 -0.01245,0.256648 -0.04134,0.466632 -0.0643,0.466632 -0.02294,0 -0.04171,0.110409 -0.04171,0.245352 0,0.134944 -0.0199,0.255947 -0.04423,0.268895 -0.01919,0.01023 -0.261301,0.986083 -0.309639,1.125974 -0.243868,0.705743 0.530804,0.846046 0.530804,1.282803 0,0.0265 0.0199,0.04818 0.04424,0.04818 0.05196,0 0.232327,0.838032 0.268016,0.838032 0.02577,0 0.03506,0.01639 0.02069,0.03643 -0.01436,0.02004 -0.05572,0.02665 -0.09188,0.01471 -0.114869,-0.03796 -0.843515,0.240897 -1.048339,0.401205 -0.142593,0.111602 -0.153876,0.196395 -0.03814,0.286598 0.07951,0.06197 0.104102,0.05586 0.513397,-0.12742 0.236437,-0.105876 0.451082,-0.192503 0.476987,-0.192503 0.0259,0 0.0835,-0.02837 0.127997,-0.06304 0.07779,-0.06063 0.08089,-0.05004 0.08095,0.27617 v 0.339213 l -0.25332,-0.01355 c -0.249264,-0.01333 -0.668284,0.04405 -0.818871,0.112141 -0.04224,0.0191 -0.103878,0.03473 -0.136965,0.03473 -0.08377,0 -0.319181,0.104798 -0.382123,0.17011 -0.06856,0.07114 -0.04225,0.211896 0.04879,0.261021 0.0525,0.02833 0.11862,0.01996 0.242603,-0.0307 0.195977,-0.08008 0.349861,-0.116471 0.813193,-0.192278 0.421772,-0.06901 0.486571,-0.06883 0.486571,0.0014 0,0.03143 -0.0199,0.05714 -0.04423,0.05714 -0.02431,0 -0.04424,0.05898 -0.04424,0.131075 0,0.07209 -0.0199,0.141669 -0.04423,0.154618 -0.02431,0.01295 -0.04423,0.09056 -0.04423,0.172468 0,0.157237 -0.01053,0.160403 -0.24329,0.07316 -0.04865,-0.01824 -0.217847,-0.04165 -0.375987,-0.05203 -0.158135,-0.01038 -0.380367,-0.02979 -0.493849,-0.04315 -0.178178,-0.02096 -0.212864,-0.01377 -0.254186,0.05273 -0.02631,0.04235 -0.03556,0.10459 -0.02053,0.138309 0.03755,0.08426 0.249473,0.172766 0.41367,0.172766 0.07483,0 0.262301,0.02062 0.416593,0.04583 l 0.280536,0.04583 -0.359104,0.306526 c -0.197509,0.168589 -0.413849,0.33085 -0.480751,0.360579 -0.0669,0.02973 -0.121643,0.0683 -0.121643,0.08571 -1.329342,0.748877 -1.5589,0.946721 -3.133542,1.107946 -0.143923,0.200363 -1.755703,0.01818 -1.665752,-0.04785 z m 2.056876,-1.703603 c 0.06082,-0.01176 0.163419,-0.05323 0.227998,-0.09216 0.06457,-0.03892 0.134246,-0.0709 0.154817,-0.07105 0.07829,-6.1e-4 0.767266,-0.646924 0.767266,-0.719774 0,-0.07944 -0.152952,-0.19416 -0.258873,-0.19416 -0.03422,0 -0.197776,0.119991 -0.36341,0.266647 -0.165638,0.146656 -0.314243,0.266647 -0.330239,0.266647 -0.01599,0 -0.08849,0.03643 -0.161104,0.08095 -0.174347,0.10691 -0.484594,0.105218 -0.619955,-0.0034 -0.05318,-0.04266 -0.115623,-0.07757 -0.138763,-0.07757 -0.06646,0 -0.159464,-0.125231 -0.161008,-0.216783 -8.33e-4,-0.0459 -0.02132,-0.09405 -0.04564,-0.107002 -0.06239,-0.0332 -0.05521,-0.413374 0.0089,-0.468537 0.02919,-0.02514 0.07986,-0.04571 0.112596,-0.04571 0.06953,0 0.243515,-0.142137 0.31523,-0.257533 0.02744,-0.04416 0.0499,-0.168251 0.0499,-0.27576 0,-0.260753 -0.127027,-0.446453 -0.387524,-0.566509 -0.162411,-0.07485 -0.525387,-0.05258 -0.696429,0.04274 -0.172117,0.09592 -0.33153,0.348296 -0.33153,0.524873 0,0.175389 0.158193,0.40677 0.349037,0.510517 0.191297,0.103994 0.224305,0.187162 0.19138,0.482219 -0.01949,0.174686 -0.0474,0.21839 -0.256147,0.401047 -0.222639,0.194816 -0.245484,0.204996 -0.460088,0.204996 -0.260747,0 -0.574416,-0.119362 -0.608485,-0.231548 -0.150637,-0.148417 -0.177716,-0.491583 -0.42803,-0.5303 -0.237107,0.09616 -0.07608,0.459795 0.06221,0.582988 0,0.110609 0.402371,0.407414 0.552325,0.407414 0.03681,0 0.06695,0.01714 0.06695,0.03809 0,0.04711 0.503038,0.05078 0.608818,0.0044 0.04224,-0.01851 0.136523,-0.05707 0.209508,-0.08571 0.07299,-0.02863 0.185244,-0.09899 0.249465,-0.156341 l 0.116759,-0.104282 0.187283,0.151897 c 0.103008,0.08354 0.214684,0.151896 0.24817,0.151896 0.03347,0 0.06089,0.01714 0.06089,0.03809 0,0.02095 0.05474,0.0393 0.121643,0.04077 0.0669,0.0015 0.161454,0.01782 0.210112,0.03632 0.04865,0.0185 0.128275,0.02449 0.176933,0.01329 0.04866,-0.01119 0.13823,-0.02997 0.199054,-0.04174 z M 88.870199,40.8037 c 0.105876,-0.05694 0.267259,-0.31609 0.267259,-0.429169 0,-0.145748 -0.123537,-0.352124 -0.26138,-0.43665 -0.261867,-0.160575 -0.745266,-0.09497 -0.853632,0.115852 -0.03114,0.06063 -0.07171,0.110237 -0.0901,0.110237 -0.05024,0 -0.04026,0.334709 0.01078,0.361878 0.02432,0.01295 0.04423,0.04947 0.04423,0.08115 0,0.212743 0.603118,0.347122 0.882822,0.196698 z m -4.386186,-0.09116 c 0.141328,-0.121709 0.159447,-0.159518 0.161454,-0.336908 0.0042,-0.365722 -0.187496,-0.534289 -0.603323,-0.53072 -0.227952,0.002 -0.266572,0.01496 -0.409165,0.137754 -0.145462,0.125265 -0.157452,0.153004 -0.157452,0.364148 0,0.211624 0.01178,0.238712 0.159238,0.365687 0.147448,0.126975 0.178903,0.137132 0.424645,0.137132 0.24573,0 0.277205,-0.01016 0.424603,-0.137093 z m 5.891995,-1.30817 c -0.474681,-0.713393 0.116668,-1.371795 0.147478,-2.148941 0,-0.330134 -0.04215,-0.519774 -0.01478,-0.519774 8.33e-4,-0.265559 -0.673897,0.347818 -0.775876,0.434752 -0.327454,0.281015 -0.577892,0.534041 -0.595375,0.54669 -0.351127,0.254017 -0.749305,0.466069 -0.619272,0.466069 l 1.213972,0.554455 c 0.17053,0.183773 0.437398,0.394277 0.466912,0.626408 0,0.08888 0.01965,0.114277 0.08847,0.114277 0.05808,0 0.08847,-0.0254 0.08847,-0.07394 z m -9.57663,4.56884 c -0.575032,-0.80011 0.02211,-0.477298 0.02211,-0.04074 0,0.01949 0.04479,0.04287 0.09953,0.05195 0.09949,0.0165 0.09949,0.01651 0.0025,0.0217 -0.0533,0.0029 -0.109219,-0.01195 -0.124253,-0.03291 z m 12.192355,-0.526699 c 0.08189,-0.08018 0.156461,-0.140796 0.165713,-0.134709 0.02502,0.01645 -0.231733,0.274534 -0.276298,0.277734 -0.02107,0.0015 0.02869,-0.06285 0.110585,-0.143025 z M 80.533972,43.135178 c 0.04404,-0.0419 0.09002,-0.07619 0.102179,-0.07619 0.01216,0 -0.01391,0.03428 -0.05794,0.07619 -0.04404,0.0419 -0.09002,0.07618 -0.102179,0.07618 -0.01216,0 0.01391,-0.03428 0.05794,-0.07618 z M 92.455,42.335238 c 0.03647,-0.02031 0.08625,-0.03693 0.110585,-0.03693 0.02431,0 0.01436,0.01662 -0.02211,0.03693 -0.03651,0.02031 -0.08626,0.03693 -0.110585,0.03693 -0.02431,0 -0.01436,-0.01662 0.02211,-0.03693 z m 0.353871,-0.07618 c 0.03647,-0.02031 0.08625,-0.03693 0.110585,-0.03693 0.02431,0 0.01436,0.01662 -0.02211,0.03693 -0.03647,0.02031 -0.08626,0.03693 -0.110589,0.03693 -0.02432,0 -0.01436,-0.01662 0.02211,-0.03693 z m 0.328969,-0.542817 -0.129916,-0.1238 0.143759,0.111881 c 0.07907,0.06153 0.14376,0.117244 0.14376,0.1238 0,0.02943 -0.03651,0.0035 -0.157603,-0.111881 z m -12.2896,-0.07895 c 0.01187,-0.08752 0.03235,-0.257692 0.04556,-0.37816 0.02336,-0.212808 0.02777,-0.219031 0.155325,-0.219031 0.07221,0 0.224713,0.01763 0.338883,0.03918 0.114169,0.02155 0.307107,0.05799 0.42875,0.08098 0.440948,0.08333 1.065546,0.405944 0.960715,0.496222 -0.02057,0.0177 -0.414311,0.04191 -0.875028,0.05381 -0.460713,0.0119 -0.891228,0.03615 -0.956698,0.05389 -0.118158,0.03201 -0.118878,0.03107 -0.0975,-0.126879 z m 11.241827,-0.774788 c 0.03039,-0.01057 0.08017,-0.01057 0.110589,0 0.03039,0.01057 0.0055,0.01921 -0.05529,0.01921 -0.06082,0 -0.0857,-0.0086 -0.0553,-0.01921 z"
               id="path5"
               sodipodi:nodetypes="sssssccssasssssssssscscscssssssscccsssccsscssscsssccssccssssssscssscsssssscssssscsssssssssssssscsccsssssssssssssssssccssssssssssssssssssscssccscsscsssssscscsssssssssscssssssscsssssssssscssssssscsssssssssssccsssscsssccsssssssssssscsssccsssccssccssscsscssssssss" /><g
               id="g53"><path
                 style="display:inline;fill:#241c1c;fill-opacity:1;stroke-width:0.0307863"
                 d="m 79.217643,31.526638 c 0.139726,0.05829 0.623344,0.0859 1.425246,0.599474 1.227342,0.786049 2.071652,1.450048 2.759038,2.139093 0.450896,0.423323 1.034297,1.887726 0.799687,2.455966 -0.146848,0.355674 -0.441438,0.250319 0.0056,0.0054 0.41287,-0.22618 2.536958,-0.398845 2.954973,-0.438732 0.286539,-0.02734 0.54704,-0.236991 0.763822,-0.32669 1.464323,-0.605904 3.065093,-1.371576 3.602723,-1.459973 0.06731,-0.01107 0.120048,0.191471 0.207542,0.774128 0.270307,1.800014 -0.683989,2.854415 -0.354058,3.79696 0.570086,1.531865 1.222454,0.753178 1.936965,1.784761 0.10282,0.148444 0.186947,0.280148 0.186947,0.292676 0,0.02847 -0.148485,-0.0064 -0.364933,-0.08558 -0.155121,-0.05678 -0.221653,-0.125331 -0.121643,-0.125331 0.103519,0 0.03939,-0.188245 -0.09146,-0.268484 -0.123699,-0.07585 -0.171604,-0.08121 -0.541866,-0.0606 -0.223389,0.01244 -0.480272,0.03339 -0.570848,0.04657 -0.187633,0.0273 -0.203712,0.0077 -0.299309,-0.365062 -0.08271,-0.322506 -0.168685,-0.526649 -0.344586,-0.818201 -0.81654,-1.079596 -0.07428,-1.920418 0.07751,-3.148295 0.0271,-0.384902 0.06908,-0.818407 0.09326,-0.963344 0.03439,-0.206202 0.03551,-0.312499 -0.01299,-0.294633 -1.339034,0.493163 -2.476837,1.097562 -3.363718,1.827189 -0.724199,0.597868 -1.784792,-0.335935 -4.500501,1.060708 -0.03647,0.03854 -0.155925,0.129263 -0.265402,0.201596 -0.801048,0.52926 -1.943714,1.411923 -2.213912,2.287352 -0.02885,0.09428 -0.05848,0.190724 -0.06586,0.214323 -0.0074,0.0236 -0.06204,0.0349 -0.121468,0.02512 -0.14179,-0.02334 -0.357297,0.152229 -0.317936,0.259022 0.176101,0.171119 0.12171,0.05875 0.348327,0.10094 0.02078,0.0039 0.02644,0.182758 0.02644,0.378299 v 0.355529 h -0.126102 c -0.06936,0 -0.188787,0.01882 -0.265402,0.04182 -0.111443,0.03346 -0.139304,0.06311 -0.139304,0.148294 0,0.128075 0.06126,0.152719 0.379609,0.152719 0.297777,0 0.408062,0.426936 0.4278,0.515842 0.01774,0.0799 -0.01037,0.115914 -0.16072,0.206039 -0.27248,0.163316 -0.513972,0.366497 -0.513972,0.432435 0,0.237656 0.135607,0.229639 0.513859,-0.03038 0.320705,-0.220455 0.414249,-0.252601 0.416306,-0.143059 0.0012,0.06598 0.360852,0.428539 0.425057,0.428539 0.01832,0 0.08787,0.04501 0.15455,0.100031 0.06668,0.05502 0.160247,0.119297 0.207922,0.142846 1.179808,0.659037 2.463456,1.0051 3.850977,1.038073 0.643454,0.06855 1.356317,-0.08491 2.061672,-0.214362 8.33e-4,0 0.558483,-0.144854 0.929399,-0.303775 0.731939,-0.264817 1.351062,-0.712268 2.002501,-1.099555 0.203942,-0.177519 0.298085,-0.234943 0.353871,-0.215846 0.0418,0.01431 0.24849,0.07495 0.459306,0.134758 0.210811,0.05981 0.504811,0.161562 0.653333,0.226125 0.291207,0.126591 0.4452,0.113896 0.4452,-0.0367 0,-0.108878 -0.33708,-0.342975 -0.493854,-0.342975 -0.02086,0 -0.1223,-0.03186 -0.225428,-0.07079 -0.345003,-0.130245 -0.434471,-0.157765 -0.512898,-0.157765 -0.04286,0 -0.114107,-0.02278 -0.158331,-0.05063 -0.06859,-0.04319 -0.07347,-0.06977 -0.03322,-0.18094 0.02594,-0.07167 0.0757,-0.216017 0.110535,-0.320772 l 0.06334,-0.190462 0.50328,0.0022 c 0.276802,0.0012 0.576843,0.01617 0.666757,0.03322 0.203129,0.03852 0.389443,0.0015 0.389443,-0.07743 0,-0.03277 0.02365,-0.0528 0.05253,-0.04451 0.194931,0.05595 -0.02611,0.257106 -0.351873,0.320244 -0.436519,0.0846 -0.753256,0.156935 -0.802921,0.18337 -0.08317,0.04427 -0.05224,0.204396 0.05171,0.267686 0.05474,0.03333 0.204607,0.08708 0.333032,0.119461 0.160347,0.04042 0.256697,0.09074 0.307503,0.160597 0.04072,0.05595 0.128892,0.163319 0.195989,0.238594 l 0.121993,0.136864 -0.14878,0.124183 c -0.135453,0.113059 -0.167986,0.122607 -0.363147,0.106589 -0.1179,-0.0097 -0.383556,-0.07252 -0.590349,-0.139645 -0.403308,-0.130918 -0.678889,-0.136659 -0.817798,-0.01704 1.075402,1.645112 1.383484,4.067948 1.285124,5.235596 -0.01383,0.164206 0.16396,0.294509 0.252648,0.398282 0.389407,0.455641 0.219413,0.268781 0.584406,0.858344 2.035274,3.287524 0.924552,5.220983 -2.173684,5.653771 -2.97837,0.416044 -2.257903,-1.758333 -1.56268,-2.859992 0.09646,-0.152851 -0.02869,-0.189235 -0.688914,0.21761 -0.260901,0.160774 -0.585504,0.337849 -1.201587,0.500674 -0.319991,0.08457 -2.043536,0.498323 -3.92713,-0.190573 -1.903091,-0.827613 -2.050468,-1.517672 -4.437637,-1.034385 -4.628895,1.376603 -7.852015,2.64136 -9.696605,4.454006 -0.362468,0.356191 -0.588806,0.131275 -0.880303,-0.185024 l -5.2e-5,6.6e-5 c -0.491486,-0.533301 -0.705173,-1.165745 -1.110674,-1.549405 -0.08857,-0.0838 -0.357452,-0.339037 -0.597507,-0.567185 -0.372281,-0.353808 -0.482079,-0.433637 -0.746624,-0.542815 -0.170588,-0.0704 -0.332133,-0.128002 -0.358987,-0.128002 -0.02685,0 -0.09558,-0.04285 -0.152719,-0.09523 -0.05714,-0.05237 -0.131069,-0.09523 -0.164293,-0.09523 -0.03322,0 -0.138434,-0.03428 -0.23381,-0.07619 -0.372607,-0.111419 -0.600343,-0.113651 -0.204041,-0.456393 0.131993,-0.108482 0.248969,-0.24178 0.262208,-0.298791 0.01316,-0.05661 0.07241,-0.139664 0.116385,-0.194757 2.044612,-3.033246 5.332195,-4.942769 5.119549,-8.733382 -0.04126,-0.257564 -0.07491,-0.536865 -0.0748,-0.620668 3.21e-4,-0.249418 -0.658689,-2.468783 -1.012821,-2.626487 -0.118271,-0.05267 -0.136869,-0.051 -0.244627,0.022 -0.119784,0.08114 0.429409,2.177922 -1.379211,1.532406 -1.130548,-0.403505 -1.179591,-0.956902 -1.47746,-1.444224 -0.127317,-0.208294 -0.329331,-0.521828 -0.448926,-0.696741 -0.458323,-0.670339 -0.924503,-2.261593 -0.724661,-2.786967 0.304734,-0.801033 0.590145,-1.296226 1.116719,-1.937515 0.943617,-1.181852 2.397558,-1.681024 3.928021,-2.096501 0.349059,-0.123332 2.314237,-0.384501 2.375042,-0.38469 0.508543,-0.0016 0.526337,-0.259775 2.092577,-0.457902 0.297036,-0.03757 1.412483,-0.341259 2.050704,-0.628327 0.706072,-0.317586 1.999793,-0.186945 2.305405,-0.05945 z M 69.35439,56.486367 c 0,-0.0625 0.160921,-0.391757 1.388667,-1.389261 2.830729,-2.299878 9.275069,-3.781435 9.862542,-3.883046 -0.01116,-0.486582 -1.374951,-1.420608 -0.994889,-3.837629 0.02802,-0.178082 0.06274,-0.400923 0.07719,-0.495201 0.239409,-0.947386 0.66885,-1.931253 1.539186,-2.580024 0.14388,-0.103427 0.162295,-0.132298 0.115419,-0.180939 -0.282372,-0.146168 -0.58908,-0.215857 -0.939203,-0.227351 -0.227798,-0.0038 -0.410768,-0.02491 -0.440966,-0.05091 -0.02839,-0.02445 -0.06662,-0.126277 -0.08496,-0.226292 -0.07113,-0.387875 -0.184956,-0.559058 -0.603507,-0.907634 -0.05474,-0.04559 -0.09953,-0.102348 -0.09953,-0.126134 0,-0.02378 -0.03668,-0.04325 -0.08152,-0.04325 -0.05308,0 -0.117996,0.06312 -0.186089,0.180938 -0.125519,0.217164 -0.501373,0.716946 -0.63317,0.841935 -0.429889,0.407687 -1.5342,0.854379 -1.930191,0.894549 -0.109482,0.0111 -0.328437,0.03906 -0.486576,0.06211 -0.319622,0.0466 -1.553821,0.02817 -1.835702,-0.02742 -0.09732,-0.01919 -0.264345,-0.0763 -0.371178,-0.126904 -0.10683,-0.05061 -0.29353,-0.137472 -0.414882,-0.193034 -0.619503,-0.283641 -1.866173,-1.473904 -2.060556,-1.592129 -0.110423,-0.04457 -0.388261,-0.01741 -0.43099,0.04212 1.900046,3.167077 -2.639616,7.11928 -4.49511,10.050407 -0.04051,0.07332 -0.184015,0.226757 -0.318856,0.340958 -0.02795,0.132383 1.065688,0.535791 1.647898,0.930129 1.594551,1.336479 1.465956,2.614348 1.690594,2.614348 0.0545,0 0.08639,-0.02596 0.08639,-0.07033 z m 22.159507,-1.309623 c 0.649687,-0.218556 1.259421,-0.460645 1.636238,-0.765851 1.130961,-0.91603 0.572904,-3.560501 -0.298244,-4.684906 -0.06785,-0.08758 -0.172083,-0.244941 -0.231628,-0.349695 -0.155587,-0.273693 -0.146414,-0.19643 -0.188709,-0.295218 -0.01982,-0.04626 -0.16424,-0.152009 -0.184769,-0.06666 -0.455066,1.891904 -2.181711,2.875129 -2.57162,4.022984 -0.123958,0.36492 -0.198373,0.524694 -0.270923,0.935781 -0.179834,1.018987 0.03506,1.426548 0.531272,1.486354 0.384525,0.04635 0.978434,-0.08096 1.578383,-0.282789 z M 89.65858,52.01424 c 1.11844,-1.08484 1.9827,-2.099478 2.299318,-3.095046 0.223615,-0.70313 0.09857,-1.786145 -0.123351,-2.754627 -0.283827,-1.238648 -0.795785,-2.277058 -1.686816,-1.955481 -0.281121,0.101458 -0.494862,0.306302 -0.563795,0.338456 -2.775147,1.29447 -5.64074,0.474881 -6.766082,-0.08813 -0.475469,-0.284371 -0.58881,-0.263947 -0.853299,0.05667 -0.272966,0.275045 -0.716334,1.055604 -0.799579,1.204739 -0.551508,0.98803 -1.708925,2.975122 0.117963,4.874443 0.760269,0.790412 1.904995,1.468856 2.619475,1.824393 1.229803,0.611972 1.877916,0.598915 2.851592,0.538778 1.041638,-0.06433 2.000937,-0.52477 2.904574,-0.944195 z M 76.287417,44.019214 c 0.436644,-0.08947 0.598035,-0.164384 0.893606,-0.414786 0.341273,-0.289112 0.486748,-0.49278 0.533318,-0.532433 0.151999,-0.129421 0.291557,-0.609479 0.177188,-0.609479 -0.02432,0 -0.124604,0.06921 -0.222831,0.153799 -0.278684,0.239991 -0.42761,0.303006 -0.716506,0.303168 -0.298143,1.71e-4 -0.607886,-0.05737 -0.845255,-0.157022 -0.197515,-0.065 -0.342598,-0.114988 -0.505378,-0.22376 -0.128334,-0.10296 -0.198771,-0.09588 -0.284179,0.02857 -0.08153,0.118797 -0.576123,0.528852 -0.895937,0.742802 -0.177866,0.118989 -0.248449,0.142846 -0.42263,0.142846 -0.142127,0 -0.24513,-0.0244 -0.321571,-0.07618 -0.194902,-0.132023 -0.433192,-0.07397 -0.361036,0.08796 0.748447,0.456144 2.027278,0.724179 2.971211,0.554517 z m -2.188944,-0.961871 c 0.06691,-0.0077 0.138139,-0.01606 0.158294,-0.01868 0.06157,-0.008 0.464339,-0.240305 0.597427,-0.34458 0.136119,-0.106653 0.372356,-0.390754 0.389805,-0.468789 0.02769,-0.123812 -0.06685,-0.220748 -0.30739,-0.315197 -1.84246,-0.723441 -2.025935,-1.412891 -1.367108,-1.818833 0.698098,-0.453447 1.937777,-0.658272 2.043982,-0.675182 2.334153,-0.363173 1.306841,1.657205 0.276456,2.556866 -0.09123,0.07742 -0.165875,0.166671 -0.165875,0.198337 0,0.07053 0.309721,0.291393 0.562217,0.400914 0.140216,0.06082 0.267996,0.08078 0.517139,0.08078 0.310711,-0.01047 0.605435,-0.08221 0.889051,-0.195542 0.413891,-0.162373 0.675171,-0.379401 0.866718,-0.719927 0.211446,-0.254572 -0.01752,-1.153687 -0.234633,-1.518184 -0.209388,-0.351531 -0.218647,-0.440847 -0.02981,-0.287558 0.642524,0.48878 0.749102,1.09746 0.851594,1.133889 0.03388,0.01204 0.785403,-1.702822 0.791147,-2.659981 -0.115989,-1.166196 -0.182517,-2.198822 -0.63554,-3.218808 -0.392163,-0.882959 -1.465307,-1.858034 -1.065555,-1.678811 1.281484,0.508203 1.949685,1.670325 2.3534,2.777116 0.224842,0.621688 0.281502,1.270882 0.619277,1.855658 0,0.0392 0.578043,0.725131 1.266262,0.43879 0.185993,-0.07739 0.40053,-0.319986 0.582946,-0.659207 1.572874,-2.687885 -0.688035,-3.930754 -2.942824,-5.525629 -0.323694,-0.278057 -0.72624,-0.421602 -1.144584,-0.572776 -0.5778,-0.259589 -1.113335,-0.189305 -1.699964,-0.06346 -0.111617,0 -0.80328,0.313071 -1.010589,0.457429 -0.105056,0.07315 -0.330839,0.239189 -0.501744,0.368972 l -0.310733,0.235968 c -0.440389,0.0097 -0.879779,0.02672 -1.316189,0.07535 -0.591216,0.0692 -1.132671,0.291072 -1.616752,0.566513 -0.202565,0.15788 -0.42414,0.275887 -0.680525,0.315002 -0.122334,-0.05226 -0.287418,-0.107587 -0.400992,-0.134392 -0.441087,-0.104105 -1.346191,-0.161018 -1.592417,-0.10013 -1.077375,0.266414 -1.218049,0.329551 -1.779362,0.798603 -2.519349,2.030222 -3.024437,5.377531 -0.02929,7.380004 0.324136,0.144344 0.681295,0.02689 0.961382,-0.316158 0.09399,-0.115124 0.09929,-0.151304 0.07802,-0.533294 -0.09217,-1.656028 -0.60199,-2.055205 -0.60199,-2.352503 -0.241753,-0.630508 -0.169701,-1.298391 0.04468,-1.923666 0.06472,-0.205906 0.08954,-0.261915 0.236283,-0.533294 0.132959,-0.245884 0.445607,-0.56143 0.492096,-0.496653 0.01703,0.02376 0.01565,0.07237 -0.0029,0.108031 -0.01873,0.03566 -0.05062,0.21054 -0.07083,0.388622 -0.02019,0.178083 -0.05728,0.495201 -0.08237,0.70471 -0.06001,0.500968 -0.06063,0.535671 -0.01882,1.047541 0.02519,0.308599 0.05979,0.474992 0.117029,0.563021 0.0447,0.06873 0.08126,0.147245 0.08126,0.174483 0,0.0989 0.206348,0.395465 0.541862,0.778753 0.553575,0.632389 0.338956,0.45815 0.807797,1.041562 0.07328,0.09118 0.221653,0.320061 0.329723,0.508618 0.407737,0.711379 0.727017,0.895172 0.806923,0.895172 0.06278,0 0.07926,-0.03121 0.07926,-0.150122 0,-0.291253 -0.293672,-0.407976 -0.08819,-0.612005 0.190024,-0.08686 0.369183,0.252369 0.466612,0.319128 -0.04298,0.181952 -0.03947,0.213507 0.05577,0.50014 0.439332,1.322421 1.002363,1.318367 1.832792,1.223352 z m -2.642974,-4.806956 c -0.02432,-0.0052 -0.09399,-0.01909 -0.154817,-0.03086 -0.125257,-0.02423 -0.304826,-0.154312 -0.387045,-0.280381 -0.03039,-0.04663 -0.0553,-0.170952 -0.0553,-0.276275 0,-0.200823 0.05165,-0.313164 0.199054,-0.432964 0.112208,-0.0912 0.342521,-0.176514 0.476492,-0.176514 0.155046,0 0.498133,0.204117 0.57967,0.344869 0.196605,0.339383 -0.03876,0.750287 -0.478532,0.8354 -0.07441,0.0144 -0.155196,0.02192 -0.179527,0.01672 z m 5.595587,-1.156332 c 0,-0.01954 -0.0393,-0.04626 -0.08732,-0.05939 -0.265619,-0.0726 -0.391121,-0.593064 -0.188233,-0.780604 0.05424,-0.05013 0.09861,-0.103808 0.09861,-0.119274 0,-0.0585 0.286702,-0.147977 0.47416,-0.147977 0.709057,0 0.940457,0.804328 0.31319,1.088634 -0.13243,0.06002 -0.610413,0.0746 -0.610413,0.01861 z m 9.75799,5.894615 c -0.09488,-0.04126 -0.244168,-0.133524 -0.331755,-0.205027 -0.08758,-0.0715 -0.172182,-0.130153 -0.187995,-0.130334 -0.01582,-1.72e-4 -0.09543,0.0569 -0.176937,0.126839 -0.220616,0.189333 -0.328737,0.224894 -0.698058,0.229598 -0.285844,0.0036 -0.3586,-0.0092 -0.490061,-0.08648 -0.230579,-0.135547 -0.391279,-0.30124 -0.511285,-0.527176 -0.125998,-0.237213 -0.132855,-0.297986 -0.03722,-0.329595 0.104031,-0.03438 0.134616,-0.006 0.283954,0.263464 0.08339,0.150471 0.197147,0.285565 0.294067,0.349226 0.142194,0.0934 0.191497,0.103273 0.490989,0.09834 l 0.332925,-0.0055 0.192771,-0.175738 c 0.238048,-0.225918 0.343116,-0.537475 0.247374,-0.838715 -0.01786,-0.02107 -0.107162,-0.08624 -0.198421,-0.144816 -0.206281,-0.132411 -0.29853,-0.281544 -0.29853,-0.482603 0,-0.133091 0.02827,-0.179599 0.197888,-0.325677 0.186617,-0.160707 0.21181,-0.170413 0.442339,-0.170413 0.226212,0 0.25765,0.01137 0.421385,0.152369 0.167103,0.143905 0.176933,0.165067 0.176933,0.380925 0,0.125704 -0.0152,0.228554 -0.03377,0.228554 -0.01857,0 -0.05339,0.03753 -0.07741,0.08341 -0.02402,0.04588 -0.103382,0.111489 -0.176367,0.145808 -0.127829,0.06011 -0.133179,0.07333 -0.145736,0.360212 -0.0184,0.420763 0.06082,0.54406 0.471487,0.733621 0.472221,0.152126 0.884171,-0.257088 1.172326,-0.523811 0.09138,-0.08486 0.159372,-0.114528 0.243286,-0.106153 0.365695,0.0365 -0.110901,0.567465 -0.815079,0.908063 -0.200435,0.09695 -0.555597,0.09316 -0.789157,-0.0084 z m 6.121966,-1.288002 c -0.03647,-0.02031 -0.340048,-0.03719 -0.674567,-0.03751 L 91.64826,41.662585 V 41.36396 c 0,-0.282817 0.006,-0.300958 0.112346,-0.342707 0.06179,-0.02424 0.255868,-0.05458 0.431281,-0.06741 l 0.318932,-0.02333 -0.170622,0.130777 c -0.111767,0.08567 -0.164988,0.156084 -0.154297,0.204146 0.01857,0.08336 0.236171,0.18789 0.512206,0.246035 0.19285,0.04062 0.490723,0.224347 0.365637,0.225516 -0.03647,3.44e-4 -0.09621,-0.01599 -0.132701,-0.0363 z m -4.623364,-0.936113 c -0.194691,-0.08584 -0.2845,-0.205372 -0.285612,-0.380153 -8.32e-4,-0.123056 0.02944,-0.183062 0.148743,-0.295216 0.135949,-0.127818 0.170946,-0.140768 0.380409,-0.140768 0.203371,0 0.248494,0.01534 0.381082,0.129514 0.120582,0.10384 0.150396,0.159525 0.150396,0.280905 0,0.31345 -0.449992,0.549016 -0.775018,0.405718 z m -4.566221,-0.109672 c -0.342825,-0.306555 -0.04675,-0.795756 0.440965,-0.728595 0.346502,0.04771 0.525021,0.357237 0.369167,0.640073 -0.08679,0.157498 -0.225599,0.220649 -0.480464,0.218581 -0.152048,-0.0012 -0.212093,-0.02492 -0.329668,-0.130059 z m 6.520805,-1.188968 c -0.01619,-0.01397 -0.02948,-0.06377 -0.02948,-0.110678 0,-0.403743 -1.094765,-1.159069 -1.595026,-1.159069 -0.07155,0 -0.130091,-0.01714 -0.130091,-0.03809 0.914922,-0.205937 1.277969,-1.274494 1.995545,-1.454018 l -0.01932,0.488931 c -0.264706,1.237219 -0.630297,1.362946 -0.213417,1.974534 0.05611,0.07644 0.127093,0.283474 0.104006,0.303355 -0.03214,0.02767 -0.07658,0.0257 -0.112191,-0.005 z"
                 id="path2"
                 sodipodi:nodetypes="ccssssssssssssssssscssscsssscsscssssscssssscccscsssssssssscssscsssscscsssssssssssscsscsssssssssscssscsscsscssscscssssssssssssssssscccsscccsssscssssssssssssssssasscssssssscsscsscssssssscsssssscssssscsssssssssssscssssscscssssssssssscsscscsssssscsccssscscccsssssscscssssssssscssssccssccsscscsssssccssssssssscsssccssccscs" /></g></g></g></g></g></g></svg>
